Phone list
+61247315866
+61882582658
+61397609600
+61358711955
+61260231819
+61395871233
+61417091791
+61297487001
+61732493188
+61894721999
+6193027300
+61739078388
+61266433330
+61298388151
+61297378633
+61297075867
+61397717920
+61288141174
+61297714088
+611300556601
+611300811510
+61392433636
+61393878333
+61288399016
+61298876222
+61299861222
+61383608533
+61736231212
+61298901120
+1800557705
+61897383048
+611300365136
+61400837890
+61356223516
+61892031800
+61354824666
+61881501000
+61892044200
+61395553666
+61755715733
+611300877626
0393256666
0424600843
0452511156
0390388600
0291881535
0406729159
0406885753
+61-3-9597-9572
61289202060
0425802589
0747287800
1300328283
0419929435
0894765050
+61893384222
0882368236
0295898445
0396455000
0449744577
0403367378
0408798798
0435713577
1300363308
0861022102
0426264498
0394903690
433872288
0897257111
0401422758
0894605400
(08)94448800
0747794381
+61394309999
+61290078100
0423064250
+61289859890
0402529983
0892238000
0411739835
0893556400
0437735876
+61400655235
1300911365
1300483793
0731173725
+61291919877
0741244220
+61892858193
0414622888
0427459787
0746670010
1300139999
0732973700
0733700333
0738003666
0754431833
0740333000
+61416061976
0740353000
0269335333
0738825633
+61293133310
0410590000
0396476500
0293816000
1300554872
0383171000
1300044944
0288246785
0897111851
293133333
0283445566
0397069666
+61735055000
893679499
0419998487
61861031234
0418493740
452124556
0423876747
0738001069
0892496644
0732574263
0394956020
1300552514
0351344028
0747755866
1300255782
0265724133
1300550717
0733944133
+61746344944
0429421186
049919959
1300626243
1300865080
0410480139
+61413602255
+61881691000
0412250841
0387511579
0292216155
0387901766
0397064266
0393283233
0299057615
+61730779624
0894079011
0754463689
0893001876
0882341844
0409061048
0893039404
1300419182
0414525740
0406963656
355647000
1300727446
(03)98199960
0894586788
0284677777
1300858133
0749523931
0400898888
0386767575
1300006477
+61747534000
0747289200
+61284888240
298862027
+61746344777
1300916268
0298317874
0747221777
0883662300
0884436288
0738688000
0892275444
0296472271
+61411211902
0895271695
+61399452200
0429-454-454
0413655828
0882117377
0889530495
0248682834
0456412000
1800543237
+61419750058
1300369694
0893302505
1300480758
0287243333
1300073329
0732098006
0895929777
0899652444
0883401833
0747796955
0883690255
1300666040
0249592226
0299392827
0893256666
1300233799
0419569503
(07)32652295
0431517596
0404266677
1300857827
1300494243
0499330911
1300605040
0418122244
0398084511
61862412550
0405107320
0407231477
291910333
0358235123
0297566866
0398489122
+61284586607
83590577
0402901800
0294309818
0355724844
0407036901
0295643432
+61862140365
0411595577
0362346999
0267633433
1300366031
0409284103
0393696266
0892405225
0730078555
0295321230
0265811522
0385458488
0284243500
1300874238
(038)347-6200
0894325600
1300661839
1300484357
0439978981
1300846021
0387196770
0892423222
0437751596
+61286774824
0477956956
0418152053
0417822442
+61291574555
0893253218
0418261464
0362852151
0864882777
+61894340688
0749785888
0263344888
0894452755
1300001195
0738903468
1300236276
61733405555
0897260088
0402822306
1300249546
0385401600
0395600999
0296015555
0433892003
0418958491
+61423016695
1300812187
0892499299
0892024477
0291943340
1300888918
0730331550
0240418300
0293908868
1800549616
0408003834
0738526888
0362346111
0283992022
0746323955
0417122233
0249422606
0249151100
0288255555
0755640600
0746422999
1300000223
1300533354
0447273968
0394866629
