Phone list
+560412468214
+56984295631
+56225512248
+56322320600
+56932272730
+56982946765
+56997127620
+56226035423
+56223900000
56228797626
+56995484528
56(2)7572200
56(2)27974014
56977932507
+56652274435
+56978474873
56(2)225298688
+56572410077
+56222708100
227832000
963551932
+56935239906
56(2)32337992
+56933920289
56954162180
56342318053
+5622887-0132
228405925
222441281
56959344128
56999184736
+56227153101
56226160090
56973379207
+5622750870
23-2453260
56225513205
944212762
+56989339864
+56990479104
22-2279800
56222256775
056229633920
