Phone list
+420602240659
+420603289875
+420577640404
+420602451248
+420270002811
+420774186752
420326711711
541515111
420776199818
+420596253266
352624936
+420515223103
+420515539570
+420910978110
420602885595
+420728998154
+420910973052
377354111
+420257960113
224354816
734852587
377249977
+420596620071
+420541249293
603204839
226016911
+420800232232
222311181
777763101
+420702197681
412583600
385349714
+420725810915
+420602468878
724058969
+420531011924
387007311
315683236
495546900
543538850
725653341
597407100
+420777147050
+420271962440
+420475531478
604222203
603780849
775718095
+420777776347
257320432
+420253253254
+420734446207
475220640
+420228227519
241410062
+420724326228
585226185
+420771133215
+420485252228
387011967
+420321400137
+420226219000
+420545220022
+420475238127
267198111
606724776
