Phone list
+31885542000
+31164614959
+31722005500
+31786147877
+31166602010
+31765780100
+31851303847
+31653748817
+31513469500
+31765975710
+31162484200
+31553695500
+31885007000
+31725412300
+31887652731
+31593740740
+31205450345
+31314375300
+31578578578
+31736218888
06-19631435
+31180553510
0888282000
0639556733
0412622778
0886034603
030-2522221
0228594080
(038)455-2755
+31(0)235483300
00180440880
0850200070
+31572328129
0186603921
088-7077814
0247113340
0182-547676
+31735111103
024-2092000
0643954732
0889808010
+31(0)885055000
072-5141040
+31235319292
+31348420540
31413380950
0850473020
0650682332
0633137942
643436610
+31297514833
+31644883069
+31(0)2525066100
+31402409100
+31306691222
0786326689
+31703606073
0884637744
0629608608
013-5774574
+31137621800
0736465555
0850004400
+31478568586
0857608816
0885052100
088-7777800
+31855607303
0786418000
