Phone list
966026298153
966538330642
+966112057800
504183261
00966500558869
+966566460027
+966568811244
0543324252
96626391081
+966920004794
0548004623
00966503363185
+966559997208
966555818996
00966920009372
+966556203661
138340542
00966-11-245-8626
+966114778818
0770773137
9,6655323307e+011
+966570571197
+966597151848
0500094782
96612789005
966014779111
966532250500
+966592731371
+966504420523
0112921255
+966570860417
+966549116362
966540550057
00967777448836
00966505657279
9,66559232e+011
966543220045
0562925623
966501742714
00966542197834
+966920010540
966022879111
0503447614
504668242
9,6656330411e+011
00966503996804
9,6659525708e+011
+966502963563
966546777706
00966114977779
0544396721
+966583884400
966038974370
00966126168188
+966562666222
+966544002028
+966543545790
+966564946868
966558820271
96614198000
9,665469137e+011
966540979224
011-4984433
00966597990110
00966537886778
+966503466078
+966540076828
0599340288
00966542465413
542319182
550729037
+966500160904
+966-539438610
9,6656403405e+011
0114661289
0591411070
596444321
+966126828219
556597659
00966540341466
