Phone list
+34938405545
+34985347806
+34976505097
+34971907908
+34627439147
+34954671050
+34985355781
+34963553077
+34971919791
+34977206316
+34938930842
+34968107606
+34948350700
+34961788485
+34983390833
+34961118126
+34977546733
+34922610038
+34961753565
+34918720863
+34987805600
+34945286922
+34619386633
+34954367460
+34916752136
+34952171700
+34979713388
+34947201440
+34983217745
+34935807237
+34983294744
+34942216408
+34951011500
+34976321608
+34954359335
+34959244365
+34922626362
+34964253353
+34938221251
+34952787854
+34968065376
+34968110192
+34986502429
+34988511229
+34982209951
+34981572825
+34981171080
+34986266398
+34964256079
+34958661436
+34953777416
+34928817516
+34922793475
+34928852471
+34928466416
+34928756401
+34922221422
+34941232199
+34977442945
+34944544254
+34922682699
+34928801440
+34966674197
+34985190366
+34985550517
+34985144488
+34881064835
+34927907849
+34924435463
+34927122212
+34916879106
+34956678555
+34921412758
+34958550570
+34881933595
+34677143225
+34936406223
+34916856799
34943151075
+34944544007
+34986501407
+34981555804
+34938771775
+34981173300
+34986210024
+34988511729
+34956317676
+34976769100
+34967225558
+34923204205
+34942650501
+34942805858
+34942347777
+34952673569
+34972514460
+34950152004
+34975230440
+34976897172
+34974474657
+34948820930
+34961255225
+34978604766
+34965111375
+34915052500
+34985464611
+34985681200
+34968344470
+34881926724
+34981330035
+34986260626
+34981295355
+34956506253
+34974222690
+34922071002
+34935707254
+34972506836
+34954431053
+34971431020
+34925241024
+34981277445
+34986980436
+34925819387
+34973221245
+34947489199
+34969222207
+34949202125
+34918810912
+34915894100
+34967210807
+34987260600
+34922205436
+34620838350
+34943345000
+34944539000
+34952318778
+34941245999
+34971354990
+34916766611
+34934311188
+34983217940
+34976560500
+34938041300
+34953280601
+948821143
+34924971550
+34965101028
+34928462153
+34924993530
+34978605561
+34979722447
+34942352200
+34926227800
+34910508915
+34975212752
+34976660494
+34943777090
+34963135160
+34988750553
+34958405676
+34938794112
34947484888
+34947333396
+34944723430
+34968351000
+34950885544
+34950622890
+34916424640
+34954677220
+34927236262
+34924808082
+34924563054
+34924207375
34924387138
+34986342556
+34958465662
+34954181811
+34968112730
+34969210120
+34968022448
+34957113643
+34921427161
+34927426409
+34943377788
+34916280060
+34918457283
+34976470069
+34980557605
+34967505701
+34986866348
+34972219504
+34938761855
+34973211049
+34973313204
+34914850550
+34689935101
+34956472665
+34968279000
+34956261610
982819266
+34952826551
916610781
690290401
954572190
902875781
947079069
965434097
944535760
942336191
+34985265040
914812216
934987713
972232222
973257899
937994346
948281600
977124424
977449771
913854245
977609119
938869080
931930833
661402902
+34945300429
654555206
651815323
696445833
986451962
968462727
968470341
678736916
921430757
964839461
913771444
943320792
942835345
952437507
917942500
933221900
918771339
961042433
917448600
917324855
625175593
977673846
629016893
674383837
925511489
925771002
656239876
928248150
629203573
916419425
955740471
619079891
916317421
953886155
943798833
943366244
985963020
988217390
+34947486402
+34912293917
916854453
667726695
902877206
968402892
916921377
936309516
938869590
938603625
627436659
931780705
933988904
876246161
922573300
958270876
913816342
629490717
655879324
982441563
+34913592470
670526173
937777657
918770212
952100584
986344279
926515082
972730458
+34934279669
673021365
910052397
971310903
941287277
947484888
934802114
608778650
971911913
942354160
974470310
932531650
924808059
948847455
609460302
944802030
916057425
976468069
916050012
645971106
625064094
911330042
652931037
645407162
+34916886644
686964672
934626755
961223300
966952677
647604448
968260611
986482299
981310728
982411010
981588400
626009676
981173200
981138000
922211500
971430486
986850585
925334033
918771390
977752550
950622890
973233032
963971561
932681912
954257080
944544188
985308683
969325970
947474242
942355007
981174955
984030088
948848000
947474247
952858551
986266500
902902520
922280170
973829058
971318436
(+34)983375152
911391940
985207555
+34914352020
944978005
953672801
957274558
927236262
933386251
924387138
986485437
924273811
924207375
916280660
948233850
972678539
937206360
650204552
968107606
964340688
902365400
916721432
955901916
956645003
974222912
948814480
926260296
649474241
988383828
922316312
983214214
977546733
670737692
971311757
620122943
931818132
986783692
+34932440252
917991139
690861375
922670993
913517477
934853465
913581111
980521597
650313004
607117990
958507618
938066262
657949195
972702703
925512188
913503101
956431850
953244044
935752218
670639030
971722302
934215037
972220939
976813137
981397274
609020071
658190592
931727829
976079123
913699160
977333305
967180994
914402910
935944670
902014678
647742761
913889815
605840648
+34937861059
963349538
977771900
938502896
963850000
920222240
968082228
965784463
942754079
902884242
917047164
942392954
918062540
609315884
902111118
935304460
678515621
915932049
977302469
+34915256824
664485157
630076115
913769744
617527622
981847594
960457888
961270072
626507093
933778051
659491021
942367563
987780305
952347769
928271015
925125861
924665406
938125435
963531206
682709266
944724425
913568171
965459943
607446164
932670317
697907095
932000140
+34968886902
985435151
971496163
963579064
902888095
981242744
+34931766699
913991472
+34660354890
935173550
962229905
934776262
972643204
943444444
961102010
936804528
976799999
926222676
628255596
952227066
913002912
654298935
902908058
916425798
913484548
661645900
686026538
983660720
918100425
695650951
986337779
916794293
963725311
965389200
927269089
924808016
917981315
911252932
946726027
944077461
971477848
+34915650011
964340027
913640234
670064681
638386528
669404509
947330319
945262700
638866446
968265555
944745026
941200099
943799300
976373973
607494989
692814777
946543641
913854497
637866968
944802974
918101214
971430411
981511501
976465215
645906753
913939393
691036266
938830321
913601180
987849161
954467046
976063020
637508823
666274865
619462355
937457700
679999349
983391407
609671703
687959218
937661394
920253864
941147240
952261611
+34913513677
676452005
954182217
+34918770871
937362730
950573653
+34915193360
915341246
607640404
915556238
977369112
932651130
608983718
915155289
+34947241716
934714132
981169935
914860467
971523834
942311101
976454454
606536949
948318180
976468002
687596175
956685353
965088408
938902011
956226311
932431960
972670323
972231674
609415301
943316068
965114808
675921111
954529411
968900430
976458146
922626362
931666151
959541154
937349900
972264539
666770596
944220181
961242335
699903352
923281366
915981406
902885381
942650250
629126400
645296411
971484134
982284050
+34938964759
954998877
944970106
944132460
930004646
968723001
936383636
+34971316178
988539103
886122307
985990676
918437348
911318282
915349910
981283782
916923333
918757714
+34913759950
986233344
961340526
986443355
973282738
876768429
943335122
677925957
+34925701797
925892018
914342094
609843481
615291200
985678715
938831597
915110252
963811782
946038743
956328750
952314700
986120124
915013302
934766910
+34944241441
949218921
976351158
937414433
626705639
914475286
966446754
944537029
902947407
934231124
605672754
967611969
670243900
924200542
916484056
915392162
931171143
967523082
953587783
925233317
926540084
926252730
956877280
953281400
915799975
981572825
986866348
981171080
982209951
986266398
928706117
606400661
915221075
958804521
986214008
958412268
954294004
961274894
913042273
956658000
5613536433
932653484
938445449
+34626997931
961433552
902903486
953004850
655588085
983213131
653155594
954369359
972104177
647923639
976737375
954862211
616959313
+34963568772
963773678
983546600
942834070
963801431
962839894
932459500
964039003
+34636161219
695559232
915526770
973603904
937120531
923219840
936681625
606339692
931729296
983459500
943692034
977442945
947221424
974299210
605154989
962690324
916657298
664700700
677542179
945136365
+34976794700
917061258
659965012
915103070
944423558
609328262
975227461
941135550
610545192
985980818
657705572
976234060
626051381
987656095
607806564
965928975
945218707
938443300
678863611
926253700
927415450
924271300
968856952
902910900
911618005
968611379
971420099
956071653
913528352
965259037
985353451
983330933
914840850
607488054
986494012
966083100
986422255
982212325
986840566
981160000
954999666
976471003
986163050
930028010
931132068
972104828
973100414
935148951
948848037
943712038
983313457
943805015
943748010
950268167
943100866
943445039
947474426
948870980
947277101
+34964670969
983332210
935510663
987805600
967964321
937257201
652129085
912266908
972271868
965850967
937450700
649883413
680401862
938946430
619111791
+34931931848
954259534
916856799
677410174
0550910922
941235246
952105048
918497250
902170600
926441779
982530701
607028758
+34943290471
972672131
916758773
952236199
959610987
630075316
988269827
956059920
962954031
971503458
917283870
606524235
938017125
626032047
985511003
681220557
902194632
964340734
+34913003666
935199874
928398033
616321078
942079834
609189761
607285050
619410444
981576877
661310361
976253400
981298700
610574482
928551304
986189177
917049750
956144278
931621127
670243545
981620259
913514304
913698567
943291102
948245050
655902480
944998997
915325432
932656655
973741148
962191670
934124669
902024986
917375777
914990302
936633122
+34658797997
+34947244436
933631319
950385525
+34976404884
934513751
946621000
947655151
955045400
638836633
981270001
936402244
676502320
934151666
963697750
950271083
902005238
912777260
916773237
933308553
912776750
954999260
933409500
638136905
961220600
936036688
947480625
972031101
935078010
972220042
973501158
978832996
941146646
965708101
963182025
973205700
937740228
938600620
937415790
913110487
687519239
915424241
971012345
968202265
956142200
977199716
914472500
965283522
937852535
609770650
932657726
951331903
956560404
917101160
968485304
944132352
902877392
986493937
639050334
944344799
977554350
977544535
+34966151482
976472430
902020722
646293566
952357124
977241787
606423953
976486868
942900009
974431181
678026787
941206755
606109315
670251012
+3491-505-7574
+34938855022
916332293
971338111
651108967
938774340
+34932893000
676474809
902585365
914059360
915590619
+34949200504
+34911854970
629923747
938463535
968838958
981820162
967247552
958704070
977612073
915715600
988274697
924433702
948174242
606442860
961985556
913874700
+34913756290
917104840
910000645
637490295
973237875
+34983336012
937331919
966831706
938402900
961663108
948207597
954485800
917320350
693828868
659355452
972714030
678737829
608634668
962410058
669867201
671050881
967191237
617465124
+34952029300
+34933967342
933316328
943729006
936825788
943313970
934226655
966966008
629229392
936476410
961275188
959367931
935802898
+34973601284
+34629340959
917256636
949203400
656548309
922642072
943757220
946732062
936976820
965055680
659570204
955128200
944048182
608738404
966881288
971914006
932388720
942039287
933867340
916547369
615650777
948150845
957502910
920372278
981271644
943333411
687532127
660332444
687911014
943445030
+34957492968
979713500
963654550
961373351
916626171
981569433
988511729
664484701
931192916
943292877
917410558
934181467
+34917283349
952060270
982207013
609322890
649665546
963934538
+34902112150
943765960
976281611
657714710
913526002
966830127
915021676
934295428
985965390
932094333
669091746
921430046
928290658
981230159
974221529
917230258
965989898
969030876
916362900
+34950226011/610
972761015
687731708
934099001
961113807
675800927
666520864
912059799
976224401
985464611
+34914506040
938172727
913864508
637187618
988211343
981138079
969234466
933746000
914990600
973210700
699395735
928166477
915120110
934504388
932092468
933739090
934787186
925221686
953276989
911729984
913782616
976529200
34976730021
968344040
+34934609970
913002711
916686481
952105737
924114058
934608900
985309080
902201501
655621295
+34934525600
981523375
973353653
918809961
935316000
948136083
915421354
+34932926023
+34915943638
978623487
661264400
942804888
807450000
952427254
943796831
902197875
931844231
912682250
934646120
680983912
669469582
971482762
972226744
+34958506850
658785975
665544694
985168822
948848332
653927246
932765040
933237160
968674179
920352437
978088202
933373519
+34917266005
948247584
948196119
950489249
962792465
971633179
973282571
+34-902-51-00-12
667791073
952229462
941120442
+34914132011
663286824
639135924
976731852
618275352
+34902153194
902879849
976323100
607533577
657354416
881952906
944807337
918995312
911697180
988603910
926270394
984157073
978601361
987213994
987409167
979166139
958411005
722782627
954260409
937588866
977199718
933404316
957082969
608572074
941145355
934753203 
973311674
648267993
917109911
+34986213063
932238000
913309300
902881993
928754050
915636030
649872357
938903966
974417017
+34938737023
957488262
635577402
927503014
934486166
943564066
944132720
934262257
976415455
959377834
986436171
922240231
669420596
964038218
977404145
917130499
627099863
937881449
902656819
941254598
34.981.976.218
938850532
90295250
988373867
971262351
971545294
607637340
971207071
955783434
968977977
931842699
672528801
922629680
911858585
981145315
954368011
965524673
679113178
963448801
964242055
917100634
967555325
961594450
881109361
669373689
647709326
670350405
974315411
913719919
+34902999471
966444992
670532813
676465445
982580141
619240010
649963649
670206007
954659050
932107910
670068971
945171819
976562375
962456140
962865211
966614136
957260886
938673859
601077346
983238945
+34952775549
+34948221678
+34926588594
+34971919339
954186666
+34963343631
646334536
978653850
915334543
963952033
34981138847
+34981169059
938513954
928233199
608880118
938492090
920258050
609846920
695603067
630971237
918463959
952023342
+34916450009
+34916480801
976210833
928240155
948848691
944106638
962761315
915308824
944104875
915647005
656914839
607193853
986425466
915894100
963135160
915399292
925241024
928462153
913990927
942352876
947489199
978830108
971354990
938041300
938211783
917540000
918810912
633311059
925819387
953274902
958089798
925357917
973232419
941238348
658752215
988273759
636454934
601173914
+34914678841
678492211
918911520
+34938463069
629225224
941182213
956142806
916923737
943594499
953656260
