Phone list
+41628898888
+41628898080
+41442098111
+41442781111
+41414555070
+41223091313
+41273244000
+41612861313
+41413680888
+41319858181
+41916122020
+41326770406
 +41449381333
+41435082731
+41443069191
+41442767676
+41918573634
+41448395711
+41223420160
+41327378888
+41918500535
+41319174030
+41919732264
+41216370188
+41412594050
+41274518010
+41713147777
+41613788200
+41318184040
+41324214090
+41433881010
+41793923161
004127320202
0041444958000
0041848802900
0041629197919
+41414490274
+41433217393
0041612874420
+41585310076
+41(0)562223818
41919671040
+41412695090
+41432338888
0614061414
583011080
0614031390
+41323731571
0041223094350
0445364690
0041327250606
417501919
0564270518
+41612269800
0344379000
0417990909
+41417982738
0041444324777
0041228690600
0041223643285
+41228274545
0916405560
0328520000
+41616389060
0523054949
+41323427642
+41216510550
0041443878500
0041327550500
0916001666
+41556454647
+41448591010
0216410002
0041848203040
+41812867020
+41224207716
+41319705550
0326336870
+41334393545
326821675
0227077474
+41244266461
+41218614406
+41629294215
+41225667550
448001030
0041817505060
+41916115700
0622990888
+41225705700
0041556501416
0041264292929
0041419105455
0041616993737
0218645430
