Phone list
+441384400800
+441625560239
+441234266922
+441782776622
+442476553303
+441382880088
+441292478348
+441706216667
+441506449400
+441179822049
+441928571797
+441686621704
+441614329995
+441924411921
+441515466000
+441452728753
+441162698111
+441509815186
+441418123222
+442089031390
+44(0247)6428500
+441782411021
+4401202660400
+441634715271
+441621868138
+441132361509
+441763243369
+441952607300
+441483766555
+441633293000
+441159441036
+441418807455
+441293538940
+441159753300
+441795438436
+441795471089
+441234783680
+441214723047
