Phone list
+971555763025
+971-2-6417605
+97148860277
96566884609
0557860987
2210409
+923425900900
044213394
+93(0)786634500
+924232560257
+971558085091
00971-43522170
+971556707891
+971569876552
923008459505
+971559239000
+9716-5343477
0503425947
+92-300-8505303
+97142660964
00923454414816
93729130010
0097165211722
+97145015957
508524614
043230558
43880884
97125593601
04337070Ext46805
00971562027357
+93711995421
92-42-35388912
+924236619991,+923213000547
03404770980
0097146067941
0097142710676
+971554092130
971502293423
971501216323
+97143233914
0508210577
00971-2-4121000
+93777347777
+93777902902
+97165344858
+93788203232
+93786666929
0555487649
+92518445658
971559329058
03212281375
043578783
+97126195117
+97148854000
0504952601
