Phone list
0891921500
0893567944
0393151018
0362450388
0897254544
0897541911
0894591922
(089)758-8011
0894101922
0267556300
0243504000
0296257744
0732771655
0755412813
0733700333
0738003666
0741522755
0755354211
0740804200
0732455611
0738528900
0882610957
0732021200
0296047811
0266219333
0754431833
0741223388
0733699933
0754316500
0267525644
0747430233
0267926066
0749274744
0733767333
0883595744
0265514199
0733908999
0746329844
0747596222
0755244488
0732656366
0746614881
0738071822
0295995078
0242396800
0260212466
0260415055
0397290388
0354431611
0885821900
0296223777
0741531699
0754986188
0740536055
0246254599
0894551344
0393691211
0266512611
0397934166
0889843900
(036)272-7244
0885233558
0352223899
0243250517
1300300254
0353822388
0267223311
0353317711
0882687755
0363314955
0397395500
0883841555
0395558511
0351344028
0883912899
0887259244
0885623388
0359403410
0886822633
0355234133
0895921588
0351447944
0397641277
0358214922
0732087555
0396971599
0733764488
0350323292
(036)431-9844
0267665511
0394640664
0249612022
0746343966
0351748655
0242712214
0269214224
0353399022
0249872100
0393649299
0393579998
0397920582
0352223855
0353825422
0393693444
0356625977
0350215922
0352773488
0288217500
(039)699-1588
0881823566
0749921712
0395483555
0358222411
0353583088
0397441000
0355605677
0260561699
0898423126
0885822133
0894998400
0897911375
0362346999
0894551846
0891854111
0749985100
0892492899
0409061048
0350235036
0887256166
0887624783
0882400611
0363349466
0749363367
0885630644
0746343902
0892581100
0890212011
0885224299
0884477766
0269648011
0393189050
0897213488
0351346307
0387528700
0890215800
0363435433
0892417800
0886712644
0891732983
0749274955
0358215022
0733311200
0747796955
0352771058
0863502300
0882401499
0889306200
0732715111
0741501000
0749723111
0749513122
0747555000
0746346519
0747286733
+6196817558
0296692522
0294375844
0246284597
0266525333
0249439799
0243247555
0266423244
0269627444
0296446322
0298260800
0353392880
0265433466
0249029888
0265811522
0297488850
0246461099
0269211833
0296091222
0242299377
0393298340
0898411888
0891945000
0364314366
0897255300
0740353722
0893116500
0732757222
0268824166
0899211533
0749735600
0754821488
0738612000
0890394777
0393577933
0891835800
0891682499
0894391799
0749633800
0892482300
0895838300
0351202400
0887239288
0891751282
0749752300
0891846216
0263617000
0891734499
0749276655
0358219455
0746345555
0889429200
0249546800
0266527400
0266424300
0890213536
0249601911
0265713207
0267629100
0297561866
0871400007
0894187177
0249083888
0897913111
0755070100
0740537622
0891851922
0745163750
0266580797
0889471700
0733554268
0732655100
0899991800
0749706777
0362346111
0738121322
0891002801
0891733288
0749573899
0862671040
0747437045
0738902475
0755969292
0263111800
0894438865
0882627755
0732130100
0864776500
0738043488
0746323955
0747256711
0894081999
0362291891
0892795500
0364244522
0362343567
0363318622
+61247315866
+61882582658
+61397609600
+61298388151
+61297378633
+61297075867
+61298901120
+1800557705
+61897383048
+61400837890
+61354824666
+61383766254
+61881501000
+61892044200
+61395553666
+61755715733
+61395871233
+61417091791
+61297487001
+61739078388
+61736231212
+61266433330
+61288141174
+61297714088
+611300556601
+611300811510
+61392433636
+61393878333
+61288399016
+61298876222
+61287834333
