Phone list
050241718
051431590
033603600
023473055
087307211
027110010
061230988
053606200
071423131
056607781
038708270
014285540
055232200
063420220
024824890
016231231
011858400
052258000
065767111
025311290
011601748
023610800
033257200
022400411
055237071
033609041
050454949
056772323
037660850
023871815
051406062
016400848
010421212
069779666
092255754
014448484
056364800
092557676
011311331
023669461
042397300
+3256238000
053212793
034508600
093815900
056365711
058315144
092258604
065402440
024213900
08756.03.74
050457878
023341210
032505000
022479595
011260400
059560560
014501250
093602981
015270653
051510600
082222745
042407777
03887.73.96
055312707
071307727
011399499
016570911
011688902
011273690
014219291
013662541
089353513
050331339
015250378
089480450
023851381
022704863
025210180
064676670
081220380
026489148
016820010
056330731
056371616
089511258
050221680
051202315
023602469
058315139
093270804
059801821
+3214501070
054415035
013618790
057203234
015294560
011859360
061211202
038772727
056430080
036635650
035414015
011810981
084311893
069532740
034892616
037807620
081409910
081721740
010816171
071349210
051238888
014416531
025261226
016262020
043640230
092541711
092829000
050373641
+3271858500
+3250317122
+3292354010
+3237733106
+3216442010
