Phone list
0885746686
0886694909
082887810
064884900
073829500
056874760
052572559
032605259
032307779
029602060
024053600
058651680
029216300
+35942959565
0888453698
0899993330
0895536257
887585061
032961181
028144141
054912100
052595721
082887120
056896120
042696120
052579120
28170120
046982100
062668100
064887120
28107120
032909100
032904556
070010045
042636161
082599196
038590999
062622137
0889517489
24911896
71815144
44624960
28598334
046664041
29316146
056811484
037388445/0899961452
42602725
29717170
029730012
070045454
070011010
42662437
28130813
052698860
032655497
29368074
028406144
32954452
032621431
52511261
029581801
064880171
032/904000
66801207
024924412
56874915
894321031
(02)827-05-61
024181895
042600973
52508181
62638018
+35982846212
029555100
29366031
32277171
44625495
56813335
029042040
064607610
029023200
042692920
082819100
056563216
032906906
032270900
056563200
052727900
24473544
+35932608129
056857022
32694201
56831293
82834056
52509678
42620209
24958569
0899908460
0895477213
029583111
+40783016032
028581734
28329050
043165211
56880241
029572279
02/8297917
02/492-46-50
028628875
+35928505857
+35924009101
886964865
32693582
032676136
052752021
0898450654
052501065
046663714
056859983
044510990
882332772
062600059
054830776
'082820517
29366366
52511560
42987178
42615510
29624693
082825696
0888720007
884005578
0898510700
0888819618
29317450
56836440
0888000061
44682829
82824380
29313167
58600647
+35929252266
878908722
32241414
56895180
0899971319
52505308
32280049
029602309
067532781
056881002
82831340
029555801
029733373
882101222
932697015
0886223292
029602360
0885797782
032960152
070010321
028690696
074560743
02/9526925
+35964802350
+35929360373
+35929628700
+35942600131
+35942600178
+35954831029
+35952953031
+35984651636
+35932241414
+35928321195
+35986822329
+35928628875
+35974560743
+35956880894
+35929624693
+35974551516
+35929315698
+35938665069
+35952506130
+35973831063
+359888397064
