Phone list
25616000
2215-3850
22906214
67294583
22617277
2368005
50683873939
+50769833122
+5062233-4111
22410056
50687795671
(503)25566707
50375747940
+50670147185
83929252
(506)8811-8887
(506)4001-8587
68377312
40013266
62332079
50641083709
50322288777
(502)2491-7777
+50522222767/+50576550007
66711616
50683223030
503-22352038
66765747
22493737
50499909678
+50370287029
(502)23870700
50688681133
+505-2266-8002
25517272
507+2107100
503-22662800
40859608
+50647023804
77505067750504
(506)2586-6464
(506)25735656
23799000
66726849
22451137
2241-7070
2600035
+50689982083
50224284600
24284600
2293-4624
22557800
2238-0280
50322252982
+5022379-9074
83941515
50522528174
+50378336155
(504)2557-9291
+50767819008
22028900
4702-0202
+(502)2296-2266
2223-8937
2204000
50252010940
2283-3187y2224-2120
25270333
50494573162
22465512
50224272424
21000904
507-399-4770
60010323
507271-7316
+50622907322
4010-1111
+5062240-5469
505-22708368
+50660473030
+5072795581
76087763
50622731207
