Phone list
3152241414
3125364021
+5744441788
+5728836645
+5787623268
+5743656500
+5744446507
+5728861500
+5763254757
+5753680077
+5712507374
+5753850303
+5713275222
+5753709044
(7)6971554
3103899633
+5743616565
3123127017
+5776335868
+5728895979
+5776306440
8222255
3214908738
3001101-3001102
3203169900
+5744443133
3143616785
(4)6045889
+5713305600
+5716919191
3123061086
3505915771
+5712243132
3153941684
(6)8840809
5717425750
6799995
3102340912
4763898
5753795524
(8)8631418
5617071
3005568277
+573015351719
+5776410101
+5726959030
4863636
+5744483263
5712510063
+5712948444
4900231-3154759423
3157444558
*5717435797
(571)322-9488586
(1)7446160-(2)4862727
5744038780
+571-6010055
+5715478510
3004221532
+572-3044035
573002136210
3106181617
+5713003871
3112967411
5713400266
+5712845678
5717169655
+5763301415
(6)3401363
+5724476483
3112362478
+5718766004
3163999549
+571-7037812
3206366183
+5712121299
+5718339724
+5712520489
5330999
+5768853018
9209894
+5742663535
5462727
4449928
573321-3244
+5726661974
+5713686813
3177149875
7423506
+5728882417
+5742858998
+5717439050
5744441273
3128503963
+5768722234
+5744485534
+5718698789
+5725248818
+5776945057
+5717465545
+573175861695
+5716610705
+5716558455
+5743510622
