Phone list
+38516060290
+385(0)12929992
+385(0)21610795
+385(0)48681975
+38551686356
+385(0)52427520
+385(0)21610669
+38540492223
+385(0)21861029
+385(0)52535860
+385(0)12370389
+385(0)13033582
+385(0)21690901
+385(0)12415222
01/6523652
+385(0)16608002
0038551371021
+385(0)21695880
+385(0)21355390
+385(0)22311311
0878039762
+385(0)13689900
(21)686990
+385(0)31350160
+38598341211
+385(0)21382785
+385(0)12409143
+385(0)21279023
+385(0)51214210
+385(0)13634754
+385(0)31301204
+385(0)17787710
+385(0)16531520
+385(0)51626383
+385(0)42810377
+385(0)31531036
+385(0)52422289
+385(0)48672020
+385(0)32308608
+385(0)12406677
+385(0)31499494
+385(0)12862232
+385(0)47645321
+385959067874
+385(0)21204333
+385917346001
+385992724053
+38512332934
+38513882523
+38542402000
+38513370101
+38521246420
+3851 6611111 
+385953119662
+38551691209
+38598424929
+38514667076
