Phone list
602720095
+420702144206
607099084
283980506
566521734
725653273
281864482
577110350
725653282
272657181
466410332
777736471
777736391
596312288
494533665
602162986
543538850
725653355
603151502
725653341
573342722
725653286
725653259
725653388
596133728
495546900
777736448
725653352
 488577075
582334630
777736467
577921256
587438800
554716421
597407100
725567625
577664343
474334598
475216311
487829991
487714411
416739127
495406271
482428888
518343741
415670003
548212215
352604246
313517565
417537240
417590059
474652373
377333888
412518854
487834262
571759977
577228222
596440010
272700135
597576800
582335094
284819595
583213281
233001405
233322382
556701240
585313703
553730440
381253182
378603603
491424447
417634451
311637121
257320432
417634401
224322540
224813888
567211548
380604200
327512631
227204100
353331505
566523700
596632861
543211630
286857395
491470677
495580107
381251752
573334614
553816457
602110850
498770006
491401680
381261345
545427311
272101101
567588880
499819280
387011911
541422941
483305460
596639545
495500024
568822000
377421253
558337091
582302561
416725934
321737080
777777330
387011968
494533241
499422400
515226682
412539019
387001161
585758531
564570300
485246511
466797950
577006511
387011967
595952079
+420577640404
724250461
+420602451248
476703016
387011971
387011973
387011989
387011976
596628295
387011975
387011961
466301856
387011980
+420596253266
547424021
461535212
567310968
383420710
353565275
376316757
383570100
377249977
553732990
371724005
532191585
242438492
377242382
+420531011924
326311161
315729078
466301732
321728518
724735760
573331142
571410612
582400980
387007311
516454991
389822455
545125004
388311506
541423658
571694290
606082951
383322474
568844222
380727047
583217264
384388456
378322501
582400929
531010990
596135036
585228456
244401088
571413672
515224574
474610031
558888150
476449931
353433711
545421640
572420101
315683236
573031831
602353193
476163721
233336391
383130981
382521284
563031961
461540631
376360411
515262051
475317014
607098503
354400101
485216101
413030971
585100740
595131701
417554111
571757771
387210225
314508801
242425211
