Phone list
+3726029400
+3376029200
+3726061444
+3727666060
+3724530600
+3724725530
+3726309082
+3727331350
+372660808
+3726508001
+37253411730
+3724430222
+3727999090
+3723325832
+3723278190
+3726205070
+3726660173
+3723566525
+3727440800
+3723599411
+3724724154
+3726232773
+3726542150
+3723220900
+3726557680
+3724330601
+3726755438
+37256871600
3727497445
+3726512328
+3723846775
+3724440492
+3727426000
+3726711777
+3723972501
+3723396210
+3726548550
+372658610
+375(295)179-914
+3726105571
3726805600
+3723359750
+3726509753
+3726309700
+376309700
+3723270851
+3723364260
+3727337000
+3727505700
+3726644030
+37256857500
+3726105500
+37259181645
+3727362962
+3726272286
+3726272254
+3726272290
+3726272273
+3726272295
+3724448400
+3726272261
+3726272200
3.726.712.900
+3724330604
+3723295783
+3727344000
+3726509902
+372 6711900 
+3724353000
+372 6711900
