Phone list
+358453555853
205845998
0205845680
0204855111
205845820
205845700
0105915330
207471340
(02)6313300
010509311
0205845370
207436140
01028311
205845720
205845999
935414100
9759859
97598560
975985300
975985350
935413800
935414900
935414800
935413900
935413200
935414500
0935412600
0935414000
935414200
0935414700
0935413300
935414300
205845300
205845580
935414600
937598540
2337661
+358451215546
0205845988
205845440
205845600
205845130
205845650
205845160
0205845530
205845850
205845270
205845470
205845240
(018)23792
205845550
0205845000
958411400
88868600
33810500
22111300
958411200
0207471270
0108303000
+358449815459
0207757575
(08)5500500
0207129550
(09)348381
0403101350
(06)4565222
(08)633170
(08)5614400
205845220
290074800
0207630300
(03)85700
0105325900
0105380300
(03)4745600
0447520040
0447006600
0447006500
0403101300
0205845740
0105377111
(08)4109300
0108208300
(016)3311500
0102491000
0500335 822
0207429999
0207229040
0207989300
(08)5215500
205845760
(09)825550
(03)3458900
384880
0107636450
03813070
0107670600
144499270
205845910
0205844813
+358950991
+358105265000
+358400320755
+358103263300
+35867812800
+35885313000
+358405540258
+358503294003
+358164590500
+35825311900
+3581028311
+35832607612
