Phone list
277645055
0277645145
0476658908
321920215
323830000
563713310
492517081
559503670
555527445
321604744
553350002
493081665
556265384
240249145
229611393
247255810
492873603
492106030
562633990
299703909
243502323
472730404
233072703
494539212
321960053
490535103
559519493
565203010
470444120
479881013
321564541
490762600
33299822805
475968166
474282550
298994210
232101592
241405050
563207810
549211418
546592981
322664500
231312932
490884166
492206523
324599595
251931001
320179260
235421260
496157500
558918806
247771818
466900046
328292626
555310150
344201831
477962310
321898039
164225499
553770653
0241621149
233981200
549647305
442541525
326640383
466566494
438022473
240921383
296851150
296878901
228130404
474291559
241580076
467700444
235535656
231651000
470292344
296480660
562008800
299945051
0473411862
473550576
0233804220
478809182
490875000
243122890
0563778077
492320888
442977100
442062624
233509868
235505590
490934410
326511494
322247026
556544830
545900532
299651285
475817220
553200202
223302020
251745929
325497878
477610003
231516350
297880303
321911981
134346979
143525151
298029900
130346720
160377800
437422245
228159973
0134079200
141083490
0149926340
130913010
130985680
160247280
164797025
147242172
134949051
0139146700
296312193
134485320
134827333
139072378
156480990
149849500
238380747
158682004
237202323
143386020
144743804
297350320
237525886
238512323
153099450
160110060
546302626
238396434
553710404
563471212
467000450
561611212
296481414
565208282
468615032
562440227
557772277
468950505
545366161
468332323
557744545
559146767
556410411
321889531
559583232
534602160
555384646
558746875
534010010
559672672
555182828
466659191
471462650
563030202
298886514
565773636
153362400
254956950
238846255
248704659
238718585
156322090
254733131
248712834
238898280
228250006
141214879
297370088
298907474
296406380
296604141
297833253
297688368
297283535
298422116
240343387
0228166933
251600666
251956535
517920023
240521659
549550454
549336733
247412020
549112020
0380788181
296551806
0384466420
0381382812
143202121
240303010
344656868
322675656
134641888
321614490
344063131
493487090
0297936213
492086889
490563543
479753269
450376508
479857840
472520330
450963164
472056470
476405975
472381600
494776438
450333501
478082179
450284015
450188660
450265757
472821600
324320300
143894400
479100860
233261616
297258925
437030651
232901870
235051010
232622070
169112000
476840560
243480707
474978676
243533131
235262990
298515600
243750600
164455454
232958600
438372134
169741019
231144848
472720469
164370871
479207920
322090096
299727761
472000594
0555725959
967438661
562982778
223463030
534465354
562338400
534413990
562892255
562916212
562317335
468685000
562345171
559520707
559323430
241510101
562633681
558751740
0590877314
322664000
563050933
553744860
534013810
561436828
563817016
326053828
296682929
479963822
0251804545
0322247834
0467016030
0553684747
299213030
0442646470
0479348950
0479327321
0563778030
0233803760
0466542626
0474340261
0322673767
0241311970
0545370421
326267942
0450920225
0493336069
0490962423
0321242628
0442823701
0475370941
0130900055
0148337421
0562602265
0148199740
321604160
0471641441
0385521671
0386429960
0490134660
0233891489
0141584360
0183699102
0559255230
0380224560
0344146666
442969193
231090124
0384285759
0479815050
0232437788
0381854080
0321618800
0472258686
0467351525
0254422220
0556862755
0556753328
0556346800
0146212633
0321914042
0474223888
0248700449
0549804215
0298413171
0492202611
0498052590
0555873456
0160058551
0468501960
0146657200
0231354100
0321467310
0472274760
0327707575
0468476200
0490605400
0970790140
0298646990
0299269966
0251681458
0385462123
0326650707
0479622162
0145168383
0474843512
0324332412
0237913640
0254611010
298477400
0323853232
0549851313
0325010950
0233234848
0241494149
0473980404
0477795353
0467449120
0147374992
0450986622
297836610
0516452012
0389214141
0344306000
0164753350
0141889970
0450672800
0478578057
0344710178
0558913193
0235404400
0380774444
0299480173
0384795936
0327944422
0498105252
0237630240
0328587989
0476332660
0235873000
0326511474
474819980
0329313234
0134642245
0169780571
0232234523
0160869700
0561029222
0160963300
0143943800
0494510065
0492522400
134101400
0146130202
0472735758
0238380810
0238381176
0139904222
0141194020
0478778585
0496162985
0532262600
130999393
0141173434
0493709650
0472486060
0494541509
0475413111
0388639463
0134502235
0153466430
0473914638
467633510
148119393
0160059865
0478778574
0561438080
0477478888
0494013241
0231836025
0478506194
0494000210
0251622657
0546508700
146100086
0556220018
0556762121
0243562170
0235246565
0243391739
0243502300
0471023800
0321147799
0249223006
0244417030
495305020
0169591082
0557516251
0164132222
0320539090
0555041212
0472536969
0384860606
0297762929
0296286769
0385219595
130060088
0130926177
0147356143
0492701866
0320898989
0553642454
0491434200
0491604848
0169194000
0327626200
0164795330
130282107
0387741930
0799996810
0558069595
0251385255
0562165190
0385690585
0475537979
0164320416
0139502515
0470037520
155489191
0499525150
0384334595
0222558035
0493452669
0457151010
0389618441
0532261340
0383534848
0251897897
0251804100
130051250
0468424810
0493809273
0493193434
0466288200
0549330969
0238223535
0130320871
0474817200
0144520341
0145838986
141880400
0148284316
0148744213
0559301581
0468566600
0139792475
0549559373
0381465522
0442066262
0450272887
0475202490
134078888
0298902745
0130465330
0326854444
0299590415
0299592406
0477716501
0475717760
0320300300
0320200550
0232959080
140184848
0442538430
0155471000
0467871212
0561949713
0559851514
0555025985
0389899898
0546003490
0228559700
155255050
0323515151
0233725370
0490451650
0387950866
0320622080
0323532353
0134282248
0296681470
0479598485
0492273050
130790707
0299211555
0438021234
0388208920
0474108450
0562344649
0382885588
0450260699
0546870099
0494088150
160182121
0562890670
0562727300
0247885550
0325715151
0475414444
0327213636
0297540478
0478794141
0437600020
148702163
0232710709
0384762666
0470304010
0474532235
0474684249
0146779292
0238893100
0553492190
0231675960
0169445537
326357000
0222195028
0442794400
0149593939
468955636
450585665
0243612682
562900148
553684736
442201766
607857062
326262672
555414740
549559043
476388100
556410246
553593367
141721390
545857714
546316310
565103240
475741090
326553434
556857474
473917929
143536333
557555570
558493580
546888520
558759113
556292110
474029717
134188818
474735408
478866939
555389494
545290420
555083240
545790805
565208200
474475790
475029052
160181900
134300000
555631458
545386110
474281121
472132929
164797070
557920430
232213110
169469220
556224990
563261430
478401158
470081350
555295858
546978878
450045410
553202865
474781020
479708585
553086389
475697575
490608681
325499696
248706544
549651336
545351265
147868890
546273243
146120820
549796008
254960430
553665300
534619120
139202219
477593121
470309860
563937272
472251155
562630750
472793072
477272944
563958950
563481520
555866130
495303017
479311894
555866161
553496870
534606330
474457575
477587130
248608881
546094419
248751007
251601357
328501555
228550950
228267074
240974949
251897070
241888799
241500510
243939684
243592970
0243502600
233286029
240921030
223551870
241437812
243043000
565490240
549673460
553968663
557171130
557351800
565352183
556559013
240921078
555889878
561485833
553032502
553248899
553403397
555897660
555358484
0553079090
164962424
160567777
240641919
160288381
251406180
241710700
240803930
0389308300
0329683710
0387304305
0388407300
0388333000
0389625170
240981430
0382547570
233679999
233790707
254559660
231358866
254222217
233201570
233070707
237551111
231262020
297473200
475231515
432400909
474453000
479007575
140010010
614228348
472660033
232213333
233624848
297290974
237906969
0296345177
231610101
243081313
233056262
248240241
238221642
238619878
238930808
492402500
240258603
0386952121
164602225
0386943100
0386344303
164032220
164395070
241290707
228040979
240621919
555041111
148989899
130162626
0231891453
493384534
490885467
233812670
0322191919
0553483401
0442168670
0466920920
0141793333
0322716000
0556034848
0241438902
492717800
0545370310
0450511014
0450843233
0490522210
0320000470
0321240303
0442706350
0475355095
0386464633
0559637878
233723080
492313333
0344051221
0384228560
0553573989
0381617961
0467313772
0254433809
0134523252
0557191920
0557262830
492405220
0474233200
0248697360
0298030165
0472318860
0555880306
0231462710
0250108158
0492132728
0565203905
0321967430
486641142
0327814141
0493757272
0468102280
0134214570
0299222930
0385460923
0326652657
0479696263
0324562633
0254228776
491803366
0149621362
0233221817
0473980480
0389211919
0536256680
0344301919
0298744774
0182064050
0386266954
0344711251
442624120
0231986767
0565636975
0380718134
0296858400
0327713600
0328587058
0389283149
0329344241
0232283305
0160766131
494598131
0387847070
0494523603
0233919500
0476421636
0555524064
0488391039
0546442577
0235059420
0556633371
0323235959
0389600350
0235246161
0243503060
0471072380
0321281515
0320969236
0555777671
0297810323
0478610705
0495051717
0327624491
0383376565
0160247314
0164835959
0387302828
0476069313
0558460606
0563910980
0385672670
0467424615
0321909090
0492282200
0329556004
0389618181
0383568250
0146698888
0228061290
0386939800
0492273131
0493894245
0466231516
0549330290
0148102410
0384768500
0559393468
0238228600
0296140520
0158222600
0140090045
0559726070
0553085822
0468542099
0491328020
0475544545
951314291
0325044229
0549572523
0244067020
0299723656
0326879612
0257873935
0299598686
0240040810
0477724355
0565871330
0320360202
325566620
0232959150
0546068289
0296683500
0325969010
0477343477
0240223114
0321110011
0323062525
0546986969
0553313380
471026824
0388829438
0386833074
0467186470
0494633232
0388192330
0388318040
0562531343
0450717911
0549678380
0494230133
491214131
0562206540
0534250560
0320266630
0247362828
0325711950
0475817474
0327282680
0297541162
0155950910
0474545440
661508772
0437553925
0158343333
0492705440
0169537000
492194949
492085830
493136391
493277680
383548344
0240350232
562115151
0232330000
325714777
238223377
237211273
238400040
164326539
248231288
238605000
565712920
534602474
473892058
563341111
567051010
562940781
563716500
534256990
563610080
563541225
468569999
499432260
468236613
473331782
534013096
468526300
561168308
0468581890
563810100
561897789
562796425
468254015
562712121
587310060
0557815155
553594383
555872521
37793503267
565811298
0387238957
492320030
467090996
442297710
494178320
557938814
534010209
490510051
241675858
466542505
296392222
468565274
473940353
477404860
251359914
467200120
0474436675
474850870
498129230
296337273
553484430
477433030
475530228
546880202
468525510
466236655
495588686
0556919292
558910700
565478938
558757172
471028297
559520700
556410723
499581111
471616661
498106070
494383327
0557932206
241431476
498052530
495700220
559306250
298415502
557481150
450693455
556762039
477962350
466431028
556439696
467112456
493804949
558770030
492103555
328282836
475362469
475589200
565479805
467010855
561407272
556745841
494512023
495504440
475330247
490389424
490140200
320211111
442467450
473786196
494170202
559654290
142704546
298605757
490093150
557357380
474658300
559559816
298151725
549514501
553203689
473645970
556394545
231933800
299724435
492649470
491192090
497052710
442899689
296057640
241605454
223467373
493906300
494000300
0386956560
493552626
492461580
490423002
565226522
545351616
468983078
477555190
473400000
553739019
251633909
493384835
561780883
247739192
557940045
556124674
556260260
477234010
477260031
475811900
562602622
297812324
490927300
466029370
299417273
561612510
562380077
493738787
470202122
470080809
494757475
494501590
298948709
0479729496
491628141
467474600
437632920
477060606
247462807
490938735
492209927
553546969
492907130
559328311
494178171
545681000
468415632
556408300
495588687
494258585
491123340
493969400
467836460
563715396
298018580
493190898
556547474
492822009
559853106
251328989
553402740
321123939
473924545
470313737
297283101
299199819
493905905
467443334
494991223
251520585
475707905
251424012
477294699
549331270
467156420
468102500
320321313
493331008
471452160
495700202
475625570
496202830
558080808
553592763
546440404
546057197
546905656
143969091
498052770
326776277
324562233
0387664422
474140709
326774577
546671071
0467271630
466637979
466569051
467449220
0493980088
553414646
495236700
0251401414
490630436
233772100
432448405
+33490334445
492621858
0472054701
494509292
0381411850
0381900450
0329624070
0385458105
0130294646
0386658052
0386658550
0380630860
0385478870
0470084350
494394394
0473981498
0471020748
0475007721
0386716950
0477803400
0232952395
0235252961
0232331049
0325821401
0326797373
493381010
0329382920
0378218110
0389617722
0324561522
0388553535
0450222320
0476248224
0450891838
0442344234
0323756565
0476047934
33493905938
0321087100
0328587878
0321605656
0322662266
0320817500
0344306530
0240677800
0241337575
0549730424
0247631015
494518696
0549197973
0251445900
0558069797
0557106262
0553960724
0555042687
0559928078
0297688020
0299148484
0231353535
491793939
0298414400
0243490033
0298528202
0297370819
0233440215
495509010
495603354
495302035
495205169
495584848
494148990
490114000
490114008
169517570
450223344
223631383
299133689
299992233
241712525
0243640932
141790933
493621321
498423937
490716933
466689999
466330010
491080972
490600101
490891020
491809694
490131260
442016401
490941329
490349999
490045454
0476091627
466024000
466388186
474018831
477325584
153388445
0389247676
432707313
0387343080
0329812300
0384214587
0388657700
0624698345
553790741
553208181
164058844
232115510
495707170
495103050
495548000
495396390
495105084
495584700
495611301
490096601
241370110
182380030
493097309
148093684
474280852
0156058515
169510594
222066000
238798000
491808670
493323030
561241400
232354212
411940041
466880606
490421020
490435365
299009789
243490768
296580150
0472141800
0476095236
498003003
0468521503
148442160
825313233
495592000
148782829
231702020
478796262
143792143
237214141
237529696
243535050
231481515
495651895
231062540
247802020
223220909
231726100
233652086
233818181
243081818
231662525
241396480
233556767
495609010
233202600
243859240
233853210
247886000
299945412
237462050
565500636
561021200
565454672
561897060
495202575
563979318
468236953
471456000
565607719
562724363
565636219
563918760
565417880
563496666
565426451
495705000
555187255
466496575
563342672
534460430
563728585
534143203
474846264
476239898
437050686
251052623
476059900
297898050
143963193
297690069
474774844
549882444
549903099
549332033
549803270
235248797
298680202
0188830011
146666611
148589909
235266182
237468910
237884090
231062860
232230404
235711227
232144310
298332449
235644300
241335833
240960527
466010302
490909452
243569910
+33437253464
555848490
471634252
555461246
243096601
555357050
555933213
473698698
254769230
248718243
232969760
327461212
0386482324
0383384560
0476421065
243592700
0385971950
0388673799
0384453758
0389691948
0386284611
0386719160
0382828778
0326548554
0387759515
0387043260
254436064
0388044400
0380224719
0388200884
0389507050
0384766009
0321099353
0385209180
0384871515
490830574
0388583348
299943040
0386656666
474452003
0388338000
0325350160
0320183060
0380600724
0148135700
0384820475
0238803333
0386340108
473728512
0329554350
0380521240
0329811616
0387318989
0385809954
0140338600
0388010517
0389211130
470355555
0235669696
0387292500
01.43.78.97.02
0146576868
142720716
254524900
248275180
141777373
470083270
237881380
254535959
237423130
169924570
169112930
143940202
0582021850
450580386
474384233
474812050
471605020
494210525
450716625
475024606
450420892
04.50.10.01.10
494301948
545820006
546933611
492002525
298948891
477238911
297508257
534013234
442791842
299745282
232140640
466847005
468850542
467716338
251950812
299541311
470308862
471637644
296211169
494690115
466651130
472521760
561434343
558755574
492082620
493352652
473517233
493472332
546875020
496202800
559141400
0561343429
561783059
499133636
0240923414
476656512
0476380403
0473423322
553594024
296622350
328495898
477021170
323731073
565619030
555375656
298390071
297252164
467480091
297562929
320705545
474161979
466287827
549085959
0556322066
549661946
243498966
473331441
477700644
557519617
299133710
466287828
327888662
493779920
321246400
323628444
474029350
323792930
0327336066
0438126230
296770045
557890071
468639670
479311020
298880284
479651600
475898282
326845520
475460331
479410031
299539633
240213109
470312660
299999685
467356970
563586891
474057296
344249295
251478520
233884500
231462626
298522711
467848202
565503300
561334530
344933590
467621750
479242896
327531760
327834521
328386170
321885229
296856370
563979062
233845020
563200456
297544354
241961140
546052943
492353907
321340055
562563535
344028130
327087070
478232764
494490249
559722272
498101208
555202883
247535712
329771387
492969393
555872815
241347900
325056022
233051419
549582500
228210317
549554040
546761470
325397284
557450904
473411818
471097823
233790179
549325700
442080357
232712828
243953252
534402120
327211959
467305234
479250493
468719771
+33325713029
+33130528509
+33233885520
+33134441700
+33971359652
+33474436675
+33148563140
+33467353333
+33494010159
+33180505376
+33148667004
+33479602417
+33145987340
+33387050778
+33494598131
+33329682525
+33383291584
+33382235813
+33383376565
+33383398080
+33381403535
+33329231993
+33325044229
+33329550312
+33329948702
+33476095236
+33478569595
+33490710439
+33494000210
+33494109955
+33491214131
+33494510065
+33493077531
+33556130947
+33240477040
+33170276190
+33140128585
+33130287590
+33130589606
+33473892058
+33587310060
+33784447383
+33471627579
+33556439696
+33142704546
+33160868283
+33251497497
+33388208920
+33134902490
+33493905858
+33495592000
+33467503000
+33231525757
+33472720505
+33549623402
+33382885588
+33479341717
+33496151490
+33492008292
+33473279722
+33160272350
+33145911980
+33344836370
+33442823701
+33491434223
+33442067239
+33490451650
+33491434200
+33238228740
+33322664000
+33296856370
+33561679270
+33238468500
+33298680202
+33563541225
+33563716520
+33499432260
+33563716500
+33534602474
+33298646490
+33241605454
+33442467450
+33553484430
+33241431476
+33545681000
+33490938735
+33475037777
+33553739019
+33467090996
+33565226522
+334681025000
+33475625570
+33556392322
+33296392222
+33238222037
+33545664343
+33490147020
+33164495128
+33492209927
+33490389424
+33296057640
+33466029370
+33561170031
+33470054444
+33247370035
+33297283101
+33495520101
+33473645970
+33296330002
+33494170202
+33553592763
+33546880202
+33494383327
+33247462807
+33553402740
+33240981430
+33251633909
+33472381638
+33479857840
+33496202830
+33477260031
+33141173434
+33344383200
+33475402268
+33467640101
+33478740203
+33442484128
+33476490037
+33233812670
+33555480848
+33977915100
+33160136822
+33322920574
+33388334017
+33386464633
+33386939800
+33146079538
+33553313380
+33389542121
+33182064050
+33328642880
+33130943133
+33477343477
+33140090045
+33231462710
+33546068289
+33321967430
+33467313772
+33490522210
+33140925858
+33467186470
+33492282200
+33322191919
+33549678380
+33385460923
+33323062525
+33381803561
+33556506287
+33324562633
+33468254917
+33493757272
+33473980480
+33299598686
+33164945281
+33298030165
+33476069313
+33235246161
+33468400400
+33231986767
+33386833074
+33321281515
+33146698888
+33297810323
+33387302828
+33320729269
+33232283305
+33257873935
+33556633371
+33466920920
+33238228600
+33380718134
+33169537000
+33450511014
+33437553925
+33494633232
+33492705440
+33325057888
+33323235959
+33243536371
+33344711251
+33158343333
+33553085822
+33327844141
+33134214570
+33254433809
+33491328020
+33450843233
+33474233200
+33233919500
+33494230133
+33237369100
+33327624491
+33493894245
+33546442577
+33450717911
+33327462343
+33495051717
+33565871330
+33160247316
+33383568250
+33326879612
+33553483401
+33389283149
+33141793333
+33556034848
+33545370310
+33321240303
+33442706350
+33475355095
+33490880222
+33559637878
+33344051221
+33384228560
+33553573989
+33134523252
+33557191920
+33248246619
+33472318860
+33492132728
+33565203905
+33322716000
+33299222930
+33326652657
+33254228776
+33149621362
+33298744774
+33386266954
+33565636975
+33296858400
+33299172150
+33327713600
+33438490706
+33160766136
+33231414180
+33476421636
+33494953847
+33250108158
+33243843750
+33478610705
+33472022165
+33164835959
+33558460606
+33563910980
+33466843704
+33549245548
+33148102410
+33559393468
+33388318040
+33296140520
+33118662299
+33559726070
+33568542099
+33557262830
+33475544545
+33549572523
+33299723656
+33474545440
+33232959150
+33450939443
+33388829438
+33240223114
+33164138429
+33562531340
+33534250560
+33561411100
+33320266630
+33247362828
+33297541162
+33155950910
+33235059420
+33320969236
+33411934619
+33476091627
+33478619446
+33385209180
+33475920010
+33472472630
+33478471125
+33385417960
+33557923680
+33474228500
+33479281000
+33474228538
+33477911200
+33472308013
+33241519504
+33472319931
+33381474040
+33384649736
+33384903333
+33467215044
+33466342458
+33467351525
+33468501960
+33467871212
+33466288200
+33468424810
+33468566600
+33468232062
+33534013096
+33468694002
+33627493862
+33563613017
+33562009240
+33474140313
+33385472322
+33386866234
+33385786547
+33385399400
+33385472369
+33386377760
+33549559373
+33557815151
+33555041212
+33545370421
+33241188188
+33556346800
+33562602265
+33557815155
+33240703224
+33559301581
+33559255230
+33553084533
+33251473600
+33562890670
+33562344649
+33299542323
+33251897897
+33561438080
+33553684747
+33384476529
+33381391043
+33387238957
+33559728629
+33238221642
+33556410723
+33324299595
+33326776277
+33326790707
+33324562233
+33385450630
+33478578057
+33479622162
+33474817200
+33477716501
+33563715275
+33326774577
+33320746464
+33251401414
+33323605931
+33478901315
+33380100010
+33549331500
+33490630436
+33326624378
+33553687639
+33562269727
+33495205169
+33495603354
+33490114000
+33321146000
+33432448439
+33169101540
+33499237292
+33549332022
+33474696376
+33240282829
+33299992233
+33231484060
+33556511319
+33478564184
+33490716933
+33296330011
+33495588690
+33442016529
+33559590303
+33232915151
+33437488604
+33160111213
+33387795613
+33387317160
+33383573370
+33556079393
+33297883636
+33298948940
+33251069696
+33251105080
+33325452490
+33381479120
+33384204877
+33232314217
+33139946240
+33243502010
+33476147910
+33475741030
+33164114000
+33169810510
+33559614540
+33534615757
+33549089970
+33467138900
+33241348515
+33475020644
+33130274444
+33322542670
+33321242171
+33389506552
+33389247676
+33329812300
+33387343080
+33388072424
+33388657702
+33624698345
+33553208181
+33327475475
+33477795190
+33299835151
+33326858860
+33388551960
+33437423030
+33385972680
+33380702500
+33474028010
+33492046040
+33472897150
+33247737870
+33329813460
+33251133330
+33490397680
+33328289100
+33321985139
+33344382424
+33555569400
+33231356200
+333834942
+33169802100
+33495707170
+33495592800
+33495548002
+33495103050
+33495396390
+33232115510
+33490096601
+33491434221
+33494088150
+33491985860
+33493193434
+33492522400
+33490962423
+33442794400
+33494933200
+33493709650
+33493133613
+33494541509
+33247802021
+33450080101
+33492273050
+33478771286
+33472858648
+33322675656
+33182380030
+33472788580
+33475028030
+33139473650
+33160421212
+33299519107
+33143943800
+33148126969
+33238798000
+33241494149
+33299211555
+33243562170
+33251804545
+33297540478
+33233803760
+33238223535
+33237913640
+33241311970
+33232959080
+33243612626
+33233891489
+33243612687
+33237630240
+33298902745
+33296858665
+33169510594
+33549345390
+33450777906
+33320321807
+33490421020
+33299009789
+33235339794
+33238883300
+33140060186
+33228443121
+33479729496
+33476658908
+33476421065
+33146563579
+33466536285
+33139158888
+33142038500
+33496125900
+33534251777
+33442344234
+33240960527
+33145168394
+33389291310
+33478934554
+33472486060
+33472536969
+33437434140
+33327091750
+33474457575
+33381915416
+33143793928
+33160950303
+33565426451
+33134924565
+33476059900
+33492281239
+33344646464
+33491694052
+33235616476
+33297690069
+33677797567
+33320030835
+33235266182
+33148585454
+33235644300
+33321087100
+33251622657
+33148521112
+33148349197
+33248240496
+33139451561
+33144304800
+33490909452
+33148785671
+33388430650
+33450274978
+33450274984
+33450672800
+33139146700
+33556692222
+33562563535
+33475968166
+33492123583
+33240122436
+33442977101
+330321246430
+33471637644
+33474282550
+33494690115
+33141777373
+33130893340
+33233072703
+33328610011
+33143940202
+33228130404
+33442977107
+33142858500
+33248704659
+33385809954
+33559722272
+33297880303
+33437655300
+33625861373
+33496157500
+33499133636
+33325497878
+33466287828
+33251950812
+33160110060
+33231651000
+33549554980
+33298946610
+33299541311
+33160377830
+33388406200
+33384766009
+33470312660
+33169112930
+33141214879
+33553350002
+33553634439
+33298644185
+33240921383
+33228210317
+33320874487
+33559631480
+33561434343
+33534402121
+33563200456
+33472810511
+33235262580
+33320454443
+33160247280
+33238898280
+33472692592
+33238465861
+33298029900
+33320454867
+33391830160
+33557971436
+33492002525
+33297252164
+33477928606
+33297283535
+33247412020
+33344101500
+33344101521
+33240303010
+33384466420
+33490563543
+33492530303
+33323532353
+33322673767
+33323853232
+33326650707
+33324332412
+33321561500
+33344647424
+33437632920
+33437460459
+33437030651
+33472056470
+33479100860
+33130999393
+33326262672
+33130051250
+33235051010
+33472720469
+33243713434
+33321766262
+33325555000
+33479207920
+33233056262
+33155255050
+33556410411
+33561611111
+33472258686
+33473147147
+33561131616
+33468521503
+33556891521
+33562892250
+33388408500
+33389899898
+33389214141
+33381854080
+33381355545
+33384762666
+33344052500
+33321914042
+33327707575
+33325010950
+33344204321
+33326511474
+33325715151
+33321110011
+33321147799
+33320898989
+33323515177
+33144836789
+33298903573
+33478542667
+33243562353
+33231675960
+33299592406
+33251804100
+33232914600
+33251373318
+33297762929
+33553749740
+33553744860
+33561436828
+33563050933
+33534013810
+33169780571
+33562727300
+33296286769
+33549804215
+33298413171
+33235246565
+33251681458
+33321242628
+33231354100
+33231836025
+33296681470
+33389214140
+33320622080
+33169194007
+33149593939
+33493890210
+33299590415
+33299222420
+33223272555
+33158441313
+33474108450
+33475717760
+33472735760
+33476332660
+33479348950
+33384860606
+33472478820
+33478778585
+33472274760
+33491604848
+33474340261
+33385462123
+33385219596
+33472735758
+33386429960
+33474684249
+33473985364
+33385521671
+33472476850
+33472735757
+33437600020
+33475202490
+33490883425
+33479815050
+33474223888
+33478506194
+33475537979
+33475965900
+33438021234
+33475414444
+33478794141
+33384795936
+33385588222
+33493809273
+33254422220
+33479598485
+33321614490
+33473423322
+33555384546
+33563471212
+33558746875
+33557772277
+33562440202
+33545366161
+33235940202
+33381465522
+33442201766
+33231353535
+33562931082
+33233015000
+33477782010
+33470037520
+33471023800
+33477101310
+33474532235
+33467428042
+33473980404
+33471641441
+33478582060
+33477478888
+33475370941
+33381915436
+33555866161
+33563231520
+33251897070
+33251896850
+33241437812
+33243939684
+33243592970
+33243502600
+33243043000
+33241500510
+33223551870
+33565490240
+33672019195
+33553079090
+33473980858
+33251260069
+33251406180
+33329683710
+33388407314
+33389625170
+33387304305
+33388407300
+33388476320
+33388645300
+33388645439
+33228040979
+33559520700
+33495504440
+33559328311
+33297898080
+33495305020
+33470310883
+33450095053
+33233070707
+33492320030
+33563050400
+33164370871
+33240621919
+33233201570
+33477364223
+33497052710
+33468565274
+33231144848
+33241290707
+33299199819
+33389505045
+33328501555
+33475811900
+33241675858
+33240258603
+33134078888
+33442016504
+33298948709
+33386405488
+33299724435
+33466542505
+33231610101
+33324320300
+33450333501
+33492907130
+33243480707
+33148702163
+33134101400
+33556408300
+33237551111
+33134020010
+33329292939
+33477404860
+33548440404
+33320003850
+33240641919
+33232958600
+33320211111
+33231262020
+33556394545
+33555041111
+33472381600
+33143894400
+33493898515
+33471452160
+33380715700
+33251520585
+33474850870
+33381211570
+33557940045
+33561407272
+33296337273
+33557481150
+33490423002
+33297812324
+33232901870
+33466236655
+33558757172
+33477234010
+33472660030
+33473786196
+33492103555
+33545351616
+33546443400
+33254559660
+33298018580
+33386594040
+33555920721
+33475589200
+33139202219
+3374978676
+33130282107
+33679901363
+33470313737
+33493969400
+33298415502
+33384246492
+33442721690
+33474658300
+33495522424
+33471028297
+33467156420
+33155489191
+33471616661
+33476840560
+33475330247
+33232109898
+33467836460
+33240921078
+33477962350
+33297473200
+33169741019
+33233261616
+33562420410
+33247739192
+33477060606
+33298151725
+33442599405
+33563715396
+33491192090
+33549331270
+33233624848
+33553203689
+33612586968
+33493906300
+33559853106
+33473924545
+33474978676
+33321308181
+33383635080
+33544300057
+33297290974
+33475530228
+33492649470
+33467200120
+33565479805
+33498106070
+33494991223
+33254222217
+33432400909
+33299417273
+33561612510
+33494501590
+33386830030
+33243750600
+33477433030
+33326553434
+33558770030
+33556547474
+33442899689
+33140184848
+33468102500
+33237256969
+33237906969
+33322090036
+33344361141
+33231490909
+33476405975
+3394512023
+33385292021
+33491123340
+33326357000
+33472000594
+33472660033
+33478082179
+33321123939
+33478401158
+33472821600
+33169112000
+33320320116
+33556762039
+33494940742
+33243081313
+33233605050
+33559654290
+33474819980
+33228031263
+33549514501
+33251359914
+33475231515
+333882283
+33562380077
+33238930808
+33386344303
+33164032220
+33164602225
+33386952121
+33164395070
+33164616191
+33380895815
+33148106950
+33148106967
+33237538000
+33494445694
+33148105600
