Phone list
21028551156
2106040537
2810318840
2104835615
2109760060
2104209944
2109317839
2241070945
2102611023
2310518208
2741075307
2810322866
2510232570
2253023743
2310689260
2310472121
2310305916
2105319080
2102814444
2109613972
2106046333
2106229900
2310522600
2310692920
2333024275
2103452561
2310795125
2310218165
2114116070
2351026706
2310900064
2461027355
2104080255
2102630350
2241075210
28210363101
2104251677
2831050375
2294099204
2373026652
2651067004
2102015250
2221084690
2281077200
2741074531
2695043664
2105777783
2106096069
2421082054
2310473031
2104838105
2461023173
2751025204
2262031098
2671087610
2431033340
2106713888
2242025370
2106544040
2810240435
2610450913
2841082221
2109600716
2109850509
2286027054
2621032102
2102854630
2721097100
2731072209
2610580266
2441080112
2231066541
2108140631
2103214043
2286031720
2410620081
2251037402
2102448813
2106029095
2710231601
2103471012
2661031668
2106203570
2285026608
2105599969
2310023310
2102848180
2641044822
2104119634
2310686126
2310220496
2510620960
2551551008
2541083321
2109560962
2284028272
2310915400
2421058603
2610316251
2105440308
2108970496
2106838450
2641030052
2106250080
2410550831
2102752900
+302262032975
