Phone list
3612811850
36301860562
+36704549117
3613590375
36704319444
3629360200
+3613827911
36209819852
36208074700
36205590990
3656420394
3676322988
3644417859
3653313347
3684563023
3678480843
36207726924
36202864250
3636515412
36303370348
3688545560
3652520501
3652220019
3693326142
3696523690
3682526446
3696515170
3632310305
3622578030
3696426583
36302381704
3645472184
36209749979
3642403700
36302489488
36709409933
3633454000
3637301313
3696999259
3622515515
3662470310
+3614319800
+3652541424
+3696513220
+3646506222
+3692598152
36205734460
3672251251
36303262347
3625501840
3613511420
3693310126
642413447
3625450454
3652249287
3652228500
+36304361349
+3612234900
3679325676
3662246289
3676440970
36706035860
+36300114632
36202033212
+36202239011
36305690329
3636422100
3666312464
3676329432
3656412165
3612529344
3627362382
3634311377
3636511430
36302353679
36307577771
3626326023
3613718000
36703245865
3675814600
+3618898330
+3652888890
+3624888023
+3696888840
+3682801080
+3646887480
+3642888860
+3672887670
36703245873
+3618898320
+3662888850
+3622886030
+3694887650
+3688887660
36202438765
+3692550020
36306526876
3683349100
36302808974
36704147898
3674312224
3682510723
+3636410340
+3614706359
3663562594
3672251851
3678311490
3614194919
3684519170
3642504205
3696414455
36703245854
3679326891
3663561109
36309662003
3694501726
3672214180
36309370632
36204332640
3662477538
3613613999
3693311934
36704433547
3662212620
3614360630
3696577173
3614270670
3613050042
36209218080
3696513147
3678462881
3692510292
+3614696800
36704255780
+3614696830
+3614696870
+3652517556
+3652517545
+3625287764
+3696618644
3634342995
+3666520140
+3657501151
+3676411026
+3676504600
+3646505886
+3642595030
+3672210812
+3662649319
+3622500482
3612063508
+3656220030
+3688576090
3613200930
36202729191
36304940251
3613399600
3646508036
36202779288
3612842593
3628545500
3623540318
3699531099
3624406506
3676480798
36303764447
36309925859
36203833233
3687510097
36209842222
3617982850
3614393430
36204158158
36309118815
3629343645
3637340448
3627315525
+3629411124
3676462587
3634361379
3612955050
3612563053
3676320101
36209111172
3662426762
3684506720
3627504420
3623555444
3696261328
36306468424
3613688845
+3652470500
36309197961
3612102866
3634312331
3628418521
3613697000
3623428220
3696449732
12960296
+361281-1850
+3652517-500
+361339-9600
+3630425-1597
+361236-9060
+3622 515-545
+361 431-9800
+3624 888-000
