Phone list
0656810068
00353(1)5532530
0214296240
014566717
018554704
0656844233
018041160
0567750410
0646633985
061417442
0214932300
045447860
012952011
0667145300
0214704100
051377755
0578664660
0214975201
0906625644
0579351561
014299875
018135551
0449343040
018353090
012453970
045895896
0212432990
014567100
012541900
0214520080
+353851261010
0906494681
0214933166
091385700
018682033
+35318105032
091756070
09660420
018580966
0526190000
0667123399
0579351893
0539163033
01-6874060
061417754
051591666
091745300
018426055
0567762498
0646625340
0419836571
0469023203
045433759
0238834360
0949023650
0539147150
0719145068
419878742
0949027196
018788180
0429327305
018239009
0749106100
061423310
2890466886
0449385515
045898099
014242042
0719151820
0214321820
0667103955
051372825
2890233686
0719143766
0526128072
+353949035449
14610044
0419842720
+353(0)834581722
014047700
0214355440
0719171434
+442871353030
+35318205999
0526129830
051421916
014605040
061317666
0906475121
0429337101
040232870
018550066
091753131
0214351800
0449340652
+353494355910
0214546566
018820770
05824285
040229939
+35312075737
0599142044
0578672542
0539184656
0539233494
016251320
061412403
014731381
0656829684
061418411
0433346109
016680477
012959611
018300937
051874901
0429327854
0949026000
091756000
+35318351744
018414832
087-258-3043
+35345409224
0749124239
0035315546069
0214965880
014642288
0433346380
+353449340242
+35316014012
+35315175200
+449333812
+35312572000
+3532247477
+353214342221
+353906475121
+35391753131
+353494326284
+353214351800
+353429337101
+3534050400
+3538550066
+35361317666
+35361305200
35316680477
+35318409354
+353667145300
+3534567100
+353419836571
+353238834360
