Phone list
7(7172)54-59-47
+77172559000
+996770042704
+77122315515
+7727293-03-00,378-53-76
7(727)346-79-01
77712999220
+77273505424
+7013029775
77018836323
87011114197
+7(701)1111805
77051903222
+996(770)808500
+77172968009
+77122971616
87273495237
77781140688
+7(727)3187517
+7718268-68-28
+7(727)2275822
7(727)259-89-47
8(7122)276232
+7713251-67-84
+77074400022
7(702)596-27-00
87071850265
+77212903300
00996312902818
+7(7132)23‒41‒52
00996312323333
7(727)317-08-26
+77755770555
00996312975484
7(701)288-51-14
+77172950950
+77015130295
+7-701-9006164
+77015568638
+77273313984
7(727)297-10-30,297-11-07
87057745558
7(705)901-40-99
7(717)232-15-39
7(705)4545464
77077982000
7(727)224-31-62
+77273543355
8(7212)403607
+77172570670
+7(7172)507331
+7(7232)769012+7(7232)769063
7(775)007-00-70
7(701)396-37-76
+77273131585(вн.354)
+77057440470,+77132541571
+77011538408
+7727245-88-03
+77272208216
+7727245-35-35
87172564414
+77272787928
7(727)327-15-65
7(727)367-09-20
7(725)298-21-14
7(727)255-56-54
7(727)354-38-05
7(727)304-20-05
7(723)313-11-94
7(727)234-34-04
7(713)290-64-07
+77079790339
87172293752
7(7212)908-555
"+7(727)2767777;3967070;2437575
+77017310005
+7727356-53-53
+77232914606
+77292203035
+77715750055
