Phone list
010-9192-5793
01049499073
Phone:+82262202650
+82220680692 
82414150990
+82226212450
+82317851777
82220260647
02-711-1175
82629525386
02-558-7920
01082422631
+82164783215
+82-2-2664-5840
+82535856271
314059330
82-2-595-7311
+82319822375
1032038293
010-9020-8262
25837188
522570855
317399200
827048640637
312052610
234734563
522897688
518623668
1091622530
542914521
8224031966
629712152
617460218
536042933
536045040
051-664-8000
1091925793
221013881
552732311
314949517
010-52224272
1062372781
1029992040
226358878
2208254413
02-6294-2000
1052876717
82-2-2026-4667
1047015000
313660862
314794422
82-31-5175-3635
1081001005
250610548
220811888
1033594029
1043170210
326235044
