Phone list
+37163401817
+37129747195
+37163627202
+37167333312
+37167819600
+37129458257
+37125652292
+37126557595
+37167373718
+3715048616
+37167555153
+37165454550
+37120304737
+37125244849
+37163725154
+37167878305
+37163022208
+37167730233
+37163422997
+37167801858
+37163822442
+37167218997
28800003
+37164220253
+37163627679
29561034
+37129393343
+37125638724
+37120223149
+37167021221
+37167076582
67021030
+37167021022
+37167018333
67021040
+37167999000
+37165457800
+37167514355
+37165220850
+37163483634
+37167064150
+37167142636
+37164250700
+37164605750
+37129240863
+37167844984
+37167725725
+37167505630
+37180205200
+37165421525
+37164235588
+37163680119
+37167724140
+37167281281
+37167100100
+37167114444
+37167530036
+37165476300
+37167374565
+37163407356
+37164207011
+37129282043
+37167812688
+37166103399
+37167722277
+37165238170
+37166117660
0037167557584
+37125773310
+37167725789
+37167205288
+37166778876
66778876
+37128234222
+37167840055
+37163011600
+37163480964
+37167544991
+37163825555
+37126754050
+37166117622
+37166117667
+37167133614
+37167813661
+37125400732
+37165167425
+37163924625
+37164607997
+37127861641
+37164472016
+37163020133
+37163322011
+37164807505
+37165044323
+37163824100
+37167974660
+37163232320
+37163125810
