Phone list
+37052080780
+37041503770
+37068697304
+37041594710
+37045582728
+37070011120
+37070011119 
+37041513471 
+37068515143
+37037766162
+37046272579
+37046300826
+3702322240
+37064322221
+37052742803
+37065685383
+370 5 2763400  
+370 37 451675
+37046341532
+370 5 2136918
+370 5 2660091  
+370 37 209348      
+370 41 540531  
+370 45 468736 
+370 46 346343
+370 315 63370       
+370 41 503770
+37037766414
+370 5 2395988 
+370 46 232922
+370 46 380100 
+370 5 2104887 
+370 37 205802
+370 5 2150070
+37061614595
+370 41 502303 
+370 45 420018 
+37041552607
+370 37 353953 
+37045581991
+37045509400
