Phone list
+603-78802710
+60378057707
+60389122645
6046466923
60168898186
6046262090
0123351726
60380791323
60391400028
0378833688
0123807265
60333441599
6043313434
04-6447033
072511170
088-230950
0127967023
60389252828
60380238287
990512489
+6072444047
60380762822
6082360476
0125197480
+60133915226
+60378472111
6088726066
60389202988
+60133818243
60389123212
+60380603836
+60(82)458512
+601700819261
03-78473818
60138609320
6088233013
+6095130505
0122556626
60361453333
0162622181
6086331720
6082244155
6089886355
6085424716
60168266381
60168261066
60380606881
60380626635
046405531
6047318822
60378047750
60378751562
6084317868
+6043763828
60192309788
03-78875530
+60333431708
6046468899
0187667466
6085412760
088231101
6043997522
0143388435
60332506724
084-331506
60358910310
60378432081
6073335581
60390577793
6062316300
60321432981
60378743422
03-40414188
6085431881
60192143143
+6088532721
60333416195
603-8051-7777
6043983288
60356331500
6052530499
60378802710
+60192238762
0124007747
60333410787
6073553121
+6085647373
6073545918
0193363320
60378043611
60380685904
60128285595
6073510963
60392812833
60380610810
60333242099
60377811041
60380610159
922136800040
0378473278
60360922433
6056885088
0380243166
+60127133593
+60391710079
088-422466
62812979
60361202711
60122152062
60392211713
+60355108143
0123211541
6052556600
6082336622
6088235726
60111218978
6084313506
60342805872
60380766629
6082484351
60378759622
6043318882
6085420368
60380110204
+60122113309
60392220844
6063176333
6082458861
60390589452
0122843320
09174357771
6082247641
6046118159
60351917818
0872217900
60327880966
6082483163
6084336767
+60327256688
60321421444
60358852638
6082245409
0351316582
6043973923
6082414292
+60162069441
03-89662183
6732423721
+60123141628
60380765693
(603)62802057/62722233
60378456995
04-3200777
73606666
6095138018
+60(19)2670129
60378767033
6088425000
60321428733
+6084-220817
6045011699
0138641055
6046446113
60358825282
6073525723
6043246878
6086332975
6084212332
60321446133
+60197705787
6044236868
0391400000
60387368279
6084322290
60387394663
0129170028
0166818879
04-5026180
+6012-2066333
+6073556601
+60355695766
+603-51314697
+60389596662
+60351919098
06-3322241
+6073522526
03-62802057
+609-5606187
+6088-425000
03-79817668
03-51228859
+6073511671
03-78042323
+6088-716222
+6082-663833 
03-55258600
+6073520533
+603-89402811
+6073531980
