Phone list
(998)2832405
(999)9412353
(962)1180901
(461)613-5573
(55)91260600
(771)153-3204
6677145216
(656)62-03-231
2299319939
9999269777
8999254260
6461753603
6646273660
8688240726
8181257000
9212143393
8948422430
8183330856
8181501800
5558727290
3338109101
6865558088
(442)2152462
7222168809
5557518292
3338250055
6313146025
6461725927
6865655526
(492)927-84-96
(871)713-80-00
5552799898
(627)522-53-33
8688163397
5538843740
6677215621
(477)772-1610/7722085
(993)1611600
(442)242-3085
5552729668
4499152545
9988842383
6566162828
5555398186
5553860829
5555396882
8332287272
(782)826-6464
8183335350
2299272360
8184794761
8677148120
5555217626
5526283004
8183317771
6865544710
8444171747
(921)4881801
(442)225-2112
(461)6118230
(462)626-1355
(333)811-8579
(477)778-08-58Ext.125
(555)565-1870
(631)1041-100
8183348400
9988889999
7773150690
5521690640
7222705537
(55)56990665
3143337848
8688118600
4776889405
4929228381
4499144514
9933520700
8008008080
4611119202
5558989090
4626601907
5557798190
7773219999
2225510400
3221761000
4777172134
5554852342
5553748215
7222713205
9988436212
9222212106
9838373277
9373226664
9999300500
(662)260-6091
3338106415
(773)724-5441
(427)272-9368
(844)414-0155
(618)833-7354;(618)833-7356
(818)989-9797
(866)632-1012
(744)487-1018
(938)1110524;(938)1110494;(938)1377972
(555)130-2700
(775)755-7300
+019933179124
+523332681100
+524777768800
+525554413998
+529212482813
+52(55)26283495
+523331244000
+526626908023
+525553688156
+525563527172
+525520132752
+524433182650
+524442730071
+525517986204
+525553809050
+523123129420
+528183652020
+523338122910
+529616153540
+525556570773
+525556348860
+523321521906
+525570954850
+528121277090
+524422176548
+525553684156
+524422090342
+526535341956
+529988480361
+526688170427
+523331116800
+526865929294
+524111600566
+526677600428
+526646345194
+525522291361
+528717578041
+526677144220
+529982077219
+522224033764
+526641021414
+528181506999
+526144217939
+526566138676
+526142595449
+524422158686
+522224034929
+528181255620
+524422125724
+522222465577
+528113542582
+524777636382
+526144824404
+526563977700
+528183798257
+528444309444
+528999091700
+523325376661
+528183468585
+523331233108
+526865573412
+526646868601
+525524590926
+528008307930
+529981688562
+526622169590
+526646814028
+528677150076
+529988875574
+522291547296
+527791007283
+525558767676
+526241303651
+525553210000
+526677109568
