Phone list
38125570
33377000
55549000
51855000
51906130
51828000
+4795266280
62585880
63946400
004799523288
4090
22071050
62417500
62454490
57855080
51605670
55207940
40005740
69311310
62540400
63806590
51818500
23036300
70208100
24048000
51779200
69887777
51463939
61256050
41242424
51496000
62555350
51951500
62340271
75586030
81559824
23143000
81559827
62541120
40006740
+4795944386
61251760
47665771
95558900
57752920
35025500
55206420
+4778460999
61188060
61108651
33488400
90202527
52766000
95242729
57677500
71266600
+4745428080
004737143200
38016100
52703030
+4797372791
+4795259854
55391900
71259560
46538000
33359090
+4721603090
33141500
62497629
66758646
62835652
+4790400120
6706
+4781568600
+4790675783
+4799405300
+4723052800
+4777041700
