Phone list
949430060
+5114151000
(01)7165005
(01)3375177/985570546/944247512
51989669146
+34512658698
933819382
5114110200
999702581
931975908
+51964398602
(01)6111200
51-1-4800385
7342998
(01)2051717
511999200707
(01)6310310
(074)491947-959363542
+511974744960
993450060
(084)242430-(084)255292
2740622
5113726648
0051986747195
0517732105
01-7977071
(01)6169800-(01)6158500
51989712201
994148495
5156402332
+51959283429
5119771444455
(054)226072-(054)213179
(01)2023554
949210304
5116533673
953716020
(043)466014-977134687
080000210
(01)6194810 
5116209658
(01)6194810
080000210 
(01)4184900
971190165
(01)3236010-(01)3249000
+51957204156
51946560845
511923853922
51946889806
(073)336500-(073)336560
(01)3496664
+511967767409
992157545
(01)6280090-997564768
(01)4314836/3305043/3305036
(01)4739114-(01)3243145
01967997745
(01)4885085
(01)3609928
(054)283924-993026966
(01)7174200
(01)6156005
(01)6156006
(01)6156002
(01)6156008
+5116268585
(01)6156007
(01)6156009
(01)6156003
5112350625
(01)6156004
993120286
(01)6167000
(01)3260601
((074)624535
(01)6028000-(01)7195505
(01)7178935-(01)7178934
(073)320844
(044)203610-(044)203613
+5144203610
(054)289040-(054)232032
51981003204
+51-1-719-3622
(065)226064-965841986
+5114609671
+51971963849
(056)211894
51949828629
5112617035
(043)323214-#943122819-RPC:940492197
51-915219436
6129521
981343290
51990117297
(01)2079400
(01)4284754-981306438
265-0395/998-652-855
955862566
995713786
+51933348331
511-2247772
978999737
(01)3116900
2154530
(01)3893059-975484003
+514701407/960497640
470-1407/960-497-640
(01)2617113/5644957/996450329
014687704
(074)236267-979061876
044-413181
+5112225631
(044)602432-(044)253455
(01)2429642
(01)2223279-(01)2225631
+5117125000
(01)3039488 -986629898
6408040
604-0999
(01)2212900
+5112212900
(054)254267/621024/941467050
+5113493709
964222160
+5113596137
(01)3301595-(01)3302338
(054)222615-(054)237125
(511)4342222
+511999060156
(073)385468-(073)385472
976392657
998344049
511990345592
+5114453800
3544795
(01)6041800
+51957865430
(01)5186600
51987012148
989041837
074276080
+5114403622
017585013
5144409636
515263535
2206221
51936965814
(074)201756-979742803
(073)308731
(044)482125-949375250
01-964551313
511994212117
7244540
+5112508993
+51998679999
5116419141
(01)5314949-998319572
12245970
511
(01)5284005-987750709
(044)288827-(044)621221
+51(1)719-7760
