Phone list
9175256763
63(2)6458449
33-509-6551
632-625-6254
0283618623
(032)255-6641to44
9175955041
9209492165
+6329490411
9164514402
09957596197
+639771909955
9175905287
8124885
77289827
6325357644
+6328654-3763+63918-910-5006
+6328921186
585164/5851445
9271850073
+63322386769
+63322687298
09777428473
029596418
09176573388
(02)5566813
63282749531
9668373377
6328959745
88454696
+63289138888
(63)9438101888
+639088954658
+63‐26383264
027443000
(02)7765450
9687440
032-346-3425
9178424483
(02)88018000
+639088250201
0445444481
+63288085931/88081424
0472523157
09228712176
3634769
63283325055
8404050
8404563
7425307
9175689876
+63286433963
(02)9519661
9176564590
9173281000
6323462926
+63-905-136-4728
632-890-4145
(632)8811-2878to89
(63)9175900027
(02)8323970
(032)421-2061
09568571588
7246036
09173078986
823-5840
8926-9017/38/40/50
0096599515825
+6327171299
+63285840000
+6385638338
+63283670025
+464309925
+63284036392
+6326595297
+63287218622
+6327810102
+63283643649
+63288082956
+6328880215
+63287334526
+6328085010
+63282512881
