Phone list
+48586614849
+48598102462
+48757555100
+48438220996
+48552327037
0
+48825454400
+48913824439
+48846821084
+48833426043
+48713398915
+48227567389
+48158223369
+48324695100
+48222442392
+48618755823
+48426809765
+48818201372
+48158722961
+48172216974
+48585226008
+48914854400
+48943118100
+48126389100
+48618326258
+48817455900
+48338150166
+48748800117
+48228684026
+48713771900
+48632707100
+48914624244
+48713251418
+48226677401
4.83241e+010
4.87138e+010
4.87685e+010
+48542361618
+48817457073
4.85236e+010
4.87684e+010
+48627687455
4.87741e+010
+48343106980
+48226666680
+48322037050
4.85852e+010
4.87487e+010
+48717328600
4.85662e+010
+48343776100
4.87743e+010
4.86274e+010
+48632429826
+48815269092
+48228682951
+48426455400
+48913926922
+48914305032
+48322461202
+48183530151
+48468346100
+48326012101
+48943405293
+48426323103
+48618731600
+48774467301
+48957553729
+48896422568
+48683536100
+48585222100
+48585114100
+48598424246
+48914603100
+48122939100
+48713208100
+48323912100
+48774004100
+48943742872
+48846658849
+48438434145
+48324149786
+48146326655
+48614365739
+48612853360
+48447101996
+48426458060
+48426741748
+48856526853
+48825621133
+48523568831
+48134368399
+48227812757
+48957285013
+48774575007
+48327305323
+48175831975
+48618501841
+48178523654
+48122558501
+48717889430
+48146316780
+48585623756
+48166212853
+48338743715
+48603661177
+48422354545
+48552727241
+48523452352
+48586772272
+48603661770
+48846972273
+48324472626
+48322152840
+48825766789
+48224244266
+48228723044
+48297603041
+48227585000
+48236737819
+48243661720
+48122999299
+48124158890
+48413312486
+48632445276
+48818880041
+48818654059
+48818886826
+48122641010
+48818274186
+48324236457
+48483317424
+48228361683
+48228707505
+48523527287
+48505044338
+48504078178
+48846880191
+48817459738
+48327336161
+48748319755
+48856553773
+48426510073
+48683823871
+48322889496
+48833521537
+48817449147
+48297431151
+48774337410
+48134642222
+48134323236
+48178504830
+48426110966
+48612830141
+48833716932
+48655209032
+48618239561
+48957202524
+48618678963
+48426459470
+48818273377
+48943404444
+48585622666
+48915781545
+48713117175
+48228460469
+48618498058
+48338227255
+48146360111
+48817451505
+48914182120
+48748154000
+48616526152
+48412652063
+48713565435
+48166784265
+48256313044
+48124286300
+48178634274
+48833433550
+48817445631
+48124233155
+48748540801
+48166211112
+48413446035
+48483622346
+48672685425
+48818863143
+48612850378
+48426522700
+48247218002
+48875667533
+48667883641
+48523454343
+48523472209
+48957257622
+48505273896
+48523663935
+48322359565
+48468325858
+48323038518
+48818877162
+48343671472
+48323271918
+48627357755
+48323891985
+48627253496
+48323555515
+48627665172
+48422723000
+48227205191
+48483316131
+48895339251
+48338140180
+48446481012
+48256336894
+48614254496
+48242537242
+48632467651
+48178541482
+48523560015
+48227892811
+48586779276
+48587621811
+48323285026
+48693401626
+48236732991
+48566433164
+48523705115
+48598633028
+48323507231
+48227718279
+48542320272
+48817451008
+48126505700
+48552355705
+48184422550
+48585611415
+48775418080
+48713882480
625001035
+48297676054
+48436761950
+48438243806
+48438224029
+48446838040
+48322826021
+48322558833
+48227512552
+48228190616
+48158645175
+48227211624
+48857404182
+48172271998
+48178635858
+48158416663
+48158434381
+48684590380
+48542313472
+48178543320
+48468619672
+48413450947
+48172218448
+48895350051
+48324218681
+48257872130
+48257815484
+48612828487
+48833551632
+48501716263
+48134463500
+48227585168
+48338751512
+48943144102
+48655121334
+48672829383
+48483632211
+48523030970
+48943731130
+48523483310
+48523483330
+48446331809
+48943514711
+48876445802
+48322871288
+48748372930
+48748523109
+48618561759
+48943542801
+48943435033
+48757535520
+48957489033
+48618751401
+48338513881
+48338738355
+48338773587
+48338423388
+48322613047
+48326240570
+48602273109
+48713414922
+48914626366
+48158646404
+48914344414
+48426142408
+48914824011
+48713760900
+48426480543
+48323583740
+48158434820
+48422592627
+48627658051
+48322528346
+48913820971
+48334960080
+48672582390
+48957658367
+48468332036
+48918803541
+48818654547
+48846381908
+48713984632
+48535850300
+48242356226
+48247213310
+48242543195
+48236723923
+48874284788
+48324244141
+48134323705
+48338551128
+48182754911
+48586840300
+48818202877
+48957484720
+48774154535
+48914324807
+48510297038
+48665997767
+48774742263
+48614254824
+48655297107
+48322530890
+48327810048
+48817520749
+48713366222
+48228159145
+48257871810
+48523883062
+48426748583
+48438243721
+48446822913
+48447346102
+48446461553
+48225393939
+48446327176
+48426307587
+48748514457
+48746479933
+48757526044
+48614367510
+48943125586
+48324554873
+48523565540
+48957521765
+48914189835
+48523551988
+48663797705
+48146264642
+48663850440
+48663797703
+48663850380
+48146224386
+48146708795
+48225166700
+48598572363
+48227686767
+48587618668
+48227692959
+48612826450
+48322330100
+48324190005
+48134698672
+48586221106
+48862710533
+48618212121
+48673871070
+48612924457
+48616463022
+48914150255
+48324152704
+48426143656
+48586835340
+48913261258
+48915783676
+48913219669
+48862184500
+48914143062
+48426321010
+48655461053
+48338169481
+48172218648
+48146760033
+48501433167
+48616650621
+48616675399
+48943729617
+48523960126
+48846642138
+48943426714
+48343658173
+48774161991
+48175831946
+48146300300
+48146117025
+48326742999
+48717956683
+48862723803
+48896243453
+48875201973
+48895389110
+48585722277
+48583431177
+48585321329
+48874292955
+48326703772
+48227873655
+48586881353
+48523453611
+48552797306
48768702373
48768786066
+48774850637
+48774067710
+48774722100
+48774362088
+48422274854
+48846880147
+48895338586
+48566641900
+48343610843
+48846384397
+48768350936
+48566691400
+48598223930
+48523299023
+48683238700
+48566881613
+48158237835
+48242357489
+48943163023
+48693893272
+48552367474
+48523973088
+48158423889
+48618425727
+48713597561
+48426837100
+48683872885
+48327814949
+48426121976
+48817442427
+48607437264
+48134645539
+48134323790
+48134464746
+48222501575
+48227513088
+48618348100
+48426742169
+48510116297
+48632446253
+48228846060
+48323684100
+48413728034
+48322683940
+48746644389
+48683470650
+48227761515
+48684701777
+48612224764
+48693085769
+48885600842
+48655452562
+48885600845
+48483635317
+48748656973
+48587327171
+48885600851
+48683470651
+48614422423
+48413340012
+48748866100
+48447554727
+48667552267
+48322058112
+48338173804
+48655204356
+48856647304
+48183348035
+48957482407
+48713369950
+48627696100
+48722165761
+48748401487
+48713346100
+48713017029
+48225107100
+48426718100
+48178613100
+48566199100
+48327801846
+48322081100
+48327385078
+48322412644
+48338281620
+48324350437
+48338452695
+48338126225
+48327350752
+48166213232
+48322275264
+48586840781
+48225753100
+48228868856
+48343669530
+48322344610
+48323166113
+48618975800
+48322990917
+48178675803
+48126873100
+48585543800
+48426408803
+48697119200
+48774006866
+48856789850
+48343709803
+48795795963
+48757799800
+48326051800
+48768763800
+48413634100
+48323008800
+48033827885
+48914636800
+48683578803
+48914257800
+48126839853
+48627608800
+48227357800
+48323008853
+48856649803
+48586797100
+48618961800
+48225198881
+48566218800
+48225728803
+48426837800
+48586777800
+48225192873
+48748627819
+48126348874
+48324787853
+48616641100
+48225918803
+48618998800
+48225285878
+48583212800
+48227262803
+48523768800
+48748503800
+48225198803
+48683750479
+48426175100
+48178668777
+48327541617
+48334869056
+48914071563
+48618644600
+48227556050
+48426162300
+48412721100
+48226106631
+48583496765
+48412522222
+48503168245
+48618962713
+48618866021
48655297262
+48583206200
+48774055100
+48748868373
+48774029280
+48914694176
+48343712530
+48817451711
+48895329680
+48683296000
+48618941100
+48523490684
+48322318081
+48182630100
+48227241746
+48426768801
+48225194010
+48717833111
+48227370593
+48326091050
+48413350110
+48566193300
+48225679000
+48426407551
+48713882140
+48856610233
+48943476920
+48856555480
+48857308411
+48856825068
+48601159720
+48535443448
+48322913665
+48768198100
+48122720279
+48857156844
+48856538898
+48655271363
+48748425798
+48598420430
+48748554877
+48182646245
+48183530518
+48124101280
+48166794100
+48184442018
+48146862409
+48185475631
+48632783905
+48817444941
+48818888200
+48825655679
+48158230604
+48846393752
+48768401100
+48817460501
+48225591002
+48895320293
+48914626265
+48447140698
+48655727821
+48243647777
+48683670520
+48178621745
+48327683176
+48757771100
+48693893735
+48327382535
+48322411150
+48817452599
+48468370107
+48774555040
+48614284035
+48523153938
+48343111313
+48598470100
+48627472285
+48618470891
+48655371619
+48618995111
+48683245172
+48774646833
+48672628354
+48616561888
+48672827832
+48672137063
+48757352153
+48566505100
+48767248110
+48768478778
+48422153479
+48447247852
+48672553300
+48713531194
+48468376135
+48957225783
+48327619434
+48322924385
+48324593100
+48834131788
+48627831219
+48913123875
+4832050350
+48957580755
+48447326510
+48672552673
+48895320230
+48895322400
+48146377100
+48874298900
+48876290500
+48338163911
+48447250262
+48586610167
+48817414144
+48684537474
+48182643215
+48338411616
+48123490501
+48225167100
+48172839409
+48785053653
+48184408675
+48184444009
+48184723743
+48618530153
+48158442877
+48818250586
+48957603083
+48323495100
+48957525228
+48586811538
+48523157485
+48323737721
+48324395720
+48774016780
+48134640076
+48322036424
+48322516339
+48413953100
+48713901212
+48426511212
+48122691212
+48586201515
+48713676735
+48914246100
+48508039932
+48508039973
+48508036823
+48508036218
+48508036297
+48508039983
+48508013846
+48508036276
+48508036295
+48508013814
+48122523100
+48508039969
+48508036811
+48508036798
+48509028068
+48508036762
+48508036817
+48508036837
+48508036777
+48508036826
+48508036030
+48508036670
+48508036649
+48508036784
+48508039931
+48508036983
+48508039916
+48508036822
+48508036788
+48508013742
+48508039917
+48225717100
+48508036028
+48627213600
+48508036304
+48508013710
+48508036835
+48508013730
+48508039962
+48508013860
+48508013876
+48587622500
+48683770147
+48523767100
+48324474313
+48672158180
+48523452962
+48426372799
+48768509700
+48684512366
+48178613090
+48413463068
+48914691030
+48957337100
+48326036541,692402250
+48632494030
+48338511411
+48625022170
+48146982003
+48327546900
+48774231056
+48814762030
+48322275728
+48774522100
+48146298066
+48226480118
+48243644800
+48774574850
+48673498134
+48713265740
+48322600497
+48324763776
+48713953100
+48227797115
+48124158101
+48523547368
+48343530094
+48523361970
+48323842064
+48566399080
+48328273100
+48257584111
+48343608279
+48227836268
+48748513434
+48483324080
+48327716153
+48896410129
+48564756200
+48338732211
+48614234100
+48825696280
+48585220500
+48768567100
+48913215736
+48913876188
+48338544173
+48334874960
+48913917100
+48146807551
+48566430050
+48655209831
+48598223802
+48612960881
+48612830347
+48566221104
+48122960217
+48426761458
+48914805100
+48713920894
+48757324198
+48227815340
+48833551988
+48126500021
+48413431339
+48817489072
+48178642287
+48122575500
+48146323400
+48126194100
+48598345240
+48618149346
+48134646610
+48817442651
+48833420762
+48818864150
+48943477700
+48426817755
+48618679001
+48825723038
+48857483400
+48616247677
+48538557448
856628960
257584111
227797115 
327896441
412651304
+48694771199
+48605115715
+48780007178
338622087
322613047
338738355
326240570
338513881
338423388
338773587
717237220
857436142
877351516
486855039
322530890
338140247
877351533
684111316
343671072
717230142
228261612
226338870
222501734
226421703
222501739
227297272
228159145
228435063
228627038
228866202
+48228700200
158237835
427120899
+48666011160
+48222138230
+48614152962
536303030
122629179
607545360
614422423
683850081
885600873
722165756
504477188
693991652
774872046
183348035
885600845
683470651
888913264
178612427
602282558
885600 937
+48885601449
885600823
683852803
683846738
146631684
693893733
184435740
438431544
334989882
322411150
327683177
178621745
338414628
+48606486811
+48733700704
146296140
126802700
226321357
178655660
225194010
856610233
+48334977777
322685099
323737 860
124344200
322275728
343658349
552702082
256404340
338150178
324167023
566211680
426775832
914854400
126389100
428810330
