Phone list
40733509445
0234525525
+40267310357
+40213510408
+37329884950
+37322500963
+40258818081
+40256291661
+40364140034
+40258735296
+40251427717
0745634441
+403513678
+40264317952
+40269838072
+40256274498
+40361881366
+40213165228
+40720550437
40732850267
+40720550435
+40740093272
+40255222287
+40255525252
+40213000316
+40750248209
+37322999969
+040727011613
+40257289489
+40268318810
40259414134
+40212095671
+40334408082
+04752319664
(+40)726319522
40232224477
+40754057652
0722329282
+40231507060
0040755400259
+40256218921
40348430424
+40264207580
0372786401
+40364416333
40212526606
40722227954
40241558181
+40213169610
+40212416244
40248546472
+40248223249
+40248282267
+40214044444
+40213444524
+40269214483
0269215330
+40213467267
+40238718821
+37322815002
+40258831551
+40213161620
40251418882
0364710261
+40269230408
+40230526800
+40264417998
40256478013
0040214609840
+40728728189
+40742156175
+40265315268
+40212111856
+40265224523
40232241070
+40264274086
40262277896
40268472577
+40751271751
+40233740417
+40374614706
(+4)0314030700
(+4)0256292057
+40213234519
+40250743491
+40212526334
0745766927
0743009171
+40237214209
0758963410
+40721363922
40232426309
+40268477979
+40232245656
+40264442339
+40268314946
40251420569
+40213320901
40248222033
0758052006
+40314054849
+40372137100
+40248223622
+40258818920
+40232214179
+40213693522
+40213100152
0344802496
+40214115318
+40261855435
+40244595317
+40230537907
+40213529533
+40261769285
+40232242528
+40268283035
+40239615414
+40241589891
+40236326082
+40251487076
0213304164
+40248615334
+40374928399
0213021230
+40249422405
+40256283578
+40374201045
+40258750011
+40722739292
+40269228846
+40269513788
+40258819657
+40269533463
+40254546192
+40250732227
+40239607336
+40269214789
+40240506236
+40265311871
+40263230547
(+40)742185861
+40742185860
(+40)787381937
+40332401425
+40233222285
+37322523102
+40230234200
+40231531050
+40372741308
+40251468064
+40236321996
+40723652387
+40268315319
0722606225
40232234393
0211034178
+40213111261
359428747
359431920
40259474848
(+40)740118402
+40740118587
40740119926
+400213503750
+40236448022
+0314327609
(+40)743170899
+40348430150
0799826132
(+4)0234511001
364410284
40341412488
40318054441
+40312262300
0332440601
40314382059
+40314032510
40356460471
0040236312437
+40735545122
+40251412850
+40338401377
+40264555110
+40257212754
40213522112
0724277880
0371.07.48.44
+40729390651
+40314363761
