Phone list
+7(8332)76-00-22,+7(912)364-64-00
+7(8352)367377
(8552)475-151,475-152,475-153
(8362)60-00-19
(8422)73-51-77
+78362232233
+7(812)241-60-70
+78362232223
(8212)23-91-81
неттелефона
+78422370450
8(800)200-00-27
+7(495)135-15-10
(8639)21-21-95
+79039850853
11328061361095
+7(3452)55-23-32
8(343)232-37-94
+7919-315-0-315
8(843)518-00-29
+73472522112
+7(4212)788210
+73912702202
(347)291-24-74
(351)239-94-42
(347)244-73-82
8(800)700-00-99
(499)922-00-50,45,46,47,48,49
(495)785-04-20,785-04-21,785-04-23
(8182)60-50-40
+74862714850
8(423)20-7777-4
+7(343)240-77-80
+7(3462)556-551
(8443)21-51-43
+7(383)2916103
4959332371
8(383)230-36-56
+7(961)4082240
+7(343)286-03-06
8(903)284-34-92
8(903)284-34-60
8(903)284-34-61
(861)2-742-888(многоканальный)
8(903)284-34-90
8(903)284-34-47
8(965)413-78-74(76)
8-918-420-37-38
+7(914)272-99-33
+7(4112)459-954
+7(343)298-164-1
+7(918)7621121
8(977)7904757
(8142)77-12-43,70-23-68
8(977)7990009
+78342270304
+7(3452)500173
+7(4212)455545
+7(3452)515288
+7(3452)790468
+7(958)2593690
+7(34761)31777
+7(3473)236111
+7(347)2357642
(863)270-68-99
+7(347)2861420
+7(34767)43868
+7(347)2923251
+7(347)2759778
+7(347)2762678
+7(347)2781030
+7(347)2462120
+7(34792)35003
+7(3452)544388
+7(3452)309299
(8553)36-92-32,36-92-42,36-92-72
+7(3452)390762
+7(3452)682411
+7(3452)699-040 
+7(495)730-02-30
+7(3532)301-001
+7(383)328-47-42
+7(391)278-87-36
+7(347)246-38-53
+7(863)210-5215 
+7(928)3244600
(8152)56-76-96
+7(3452)585757
+7(988)9238833
+7(3452)500727
+78423558075
+7(3452)615068
+7(861)2034034
+78312781831
+7(34355)69669
+7(3452)621941
+7(473)2070840,+7(473)2070850
(812)779-14-05
+78652230043
+7(3452)696006
+78336241455
+78314281975
+7(495)7781633
89147032969
+7(903)4425566
+79273418582
+7(927)208-23-90
(8172)28-51-08, 27-09-39
+7(342)20-789-59;+79222452999
+7(924)9933993
+79659476212
8(496)212-7806
+7(8672)240724
+7(473)239-64-38
+7(34355)65499
+7(49245)2-29-99
+7(3456)229200
+7(918)4342047
(351)225-35-35
8(861)299-56-72
+7(978)7840493
+7(800)555-88-59
89628883028
89896103428
79634098784
8(938)306-98-88
+79191800226
(8512)482020
(3822)900-657,900-659
89654778269
+7(978)7962024
+7(978)8278130
89287513381
89186061529
89284251182
89286317511
89281002842
89624020328
+79616179134
(4722)21-82-22,21-82-23,21-82-24
89181106060
+7(473)2580382
+7(473)2303296
(863)201-10-40
89289759599
89180442944
79209445454
+7(495)2585656,доб.5039
+7(495) 3633203
+7(951)7703304
(495)663-84-23,663-84-24,663-84-25
+74956434669
487270-28-40
+74234330486
+74955325066
+73912726585
+74912983333
+73823524141
+79232512222
+7(3955)636656
(8512)48-14-00(многоканальный)
+74956862020
+7(3952)767047
+79024828993
+749598897
+7390230-54-31
+74212271786
8(4852)260-060
+78127671209
+79289721188
(3519)28-84-84
+7(978)9630505
+7-912-222-58-58
+7-912-669-44-04
+79269983583
+74956458034
+74212457785(доб.1251)
 +74842909100
+74996433361
+79636778189
89267562266
+7(8412)205805
(3842)29-99-02
89250008107
+74959727277
+7(964)8222130
+7(916)9955500
89260257538
8-925-771-1264,8-925-878-3320
89257711264
+7(4852)45-07-51
(391)226-67-27
+7(351)239-11-68
+7(351)218-00-88
+7(4922)47-02-64
+7(4932)488-550,334-972
8(495)150-72-47
+73842354698
+7494239‑20-19
+7(34355)67-057
+73912052424
+79646492160
(812)326-40-65;326-40-75
+7(3452)688-048
+73912288688
+7(4932)304178
8(343)264-07-71
74992234784
+7(3519)05-65-60
+7(924)7177713
+73822471011
+74942312497
+73832921782
(4922)37-90-81,37-90-82,37-90-83
+73832796587
8(495)720-15-40
8(383)224-55-63
8(383)335-42-29
(343)379-59-69
+78412202250
8412-34-34-34доб.130
+7(812)748-24-94
7(812)332-5941
83473331050
(8453)53-09-83
8(4012)99-81-13
8(4012)64-36-66
+7(921)9554436
(8412)579-375,579-335,909-315,909-345
+7(495)9263007
 +7(3952)288-200
(846)247-89-19доб.219
+7(3842)45-23-14
(863)210-16-21
(863)210-19-48
(861)293-10-00,293-10-01
(4862)442-597,442-598,442-599
(383)303-46-05
(862)220-01-02
(863)291-22-12,291-22-28,271-47-01
(8793)31-92-31,39-96-03
(862)220-40-40
(8652)56-36-05,56-55-82,38-55-87
(8442)26-21-68,26-21-67
(862)225-50-56;-057;-058
(8142)56-78-91/95
(343)247-91-02
(812)779-14-12
(8182)20-62-39/49
(8152)43-45-65,43-58-34
(383)344-9000,344-28-78
(8512)66-99-06,05
(391)228-50-53
(351)2-455-457
(863)210-19-46/47
(861)293-10-20
(86354)5-78-51;(863)280-06-37/38
(812)331-37-00
(861)293-70-00
(8212)20-00-91
+7(7132)23‒41‒52
8(495)108-11-58
8(495)640-28-63
8-9372-818-404
8-499-681-81-80доб12011
+7(351)777-91-81,+7(922)754-69-50
8988-233-88-83
(8482)65-16-40
8-989-160-06-06
+7(383)2-105-111
83912745000
+7(902)295-54-48
+7(3952)386302
+73833630678
+7(921)9381863
(3842)480590
+7(495)795-37-75,+7(495)363-37-73
(8362)38-11-70
+7(495)7814473
+7(495)6519999
+7(343)379-98-38,+7(343)328-05-16
4955043018
89034575370
+7(343)377-000-1
(863)201-66-85
+7(8332)714471
+7(495)726-57-27
+7(3822)46-91-19
+7(495)374-99-02
+78314291001
+78313243847
+78312809991
+74956451353
+78126357553
(812)779-14-10
(383)206-53-90,206-53-95,206-54-31
8(3532)305-500
8(926)661-00-61
+78142599901
7(812)380-80-22;+7(812)380-80-20
+7(383)3322253
(347)246-36-80,246-36-81,246-36-82
+73532757516
+7(499)954-84-71
+7(8635)224402
(843)5703946
+7(3822)63-38-37
+73412310966
+74955422282
+73822901122доп.6116
+7(921)7404880
+7(495)2903010
(3843)301-239
(495)737-44-99
+7(495)961-00-52-многоканальный
+74957258779
(495)956-3311
+7(495)777-75-75
(812)779-14-01
(8452)75-40-11
(343)287-287-5
79178008903
(812)380-80-20доб.
74959375558
+375(17)3223808
+375(17)2050682+375(17)2130892
89288501340
(861)200-11-55
+7(3843)900-263
+7(800)333-64-17
(495)215-09-63
+74732330415
89872523310
+998901130161
7(727)317-08-26
(861)201-14-14
+37517360310
+7(846)2059900
(8352)72-01-37
74952801571
+74991109961
+7(831)2888388
+375(17)3365047
+7(3452)39-95-90
+7(495)909-112-1
+7(495)021-39-75
+7900-128-16-77
(495)587-40-99
+78126482216
(812)7791402
8(347)233-30-33
375173301616
+73433450277
84951505421
+7(495)640-77-21д
7(499)3978717
(495)6385058
8(423)272-68-35
+37515268-53-01
+37529133-21-53
(4912)30-78-53,30-78-54,30-78-55
66-30-40
88126121247
8(4236)904-104
375(29)680-06-08
+73432871002
+7(495)532-27-32
375173996592
+7(812)646-47-42
+37517395-60-93
(8555)32-51-01
89219097307
89951019882
+73433006480
+7(861)257-09-83
+73512174040
+7(846)2481299
(351)210-10-77
+7(495)785-22-37
+78432779477
+7(495)645-01-79
+7(347)29-28-111
73452552324
+7(3822)654000
+74959936139
+375(17)3641790
(3435)47-62-30
+7(499)350-00-30
+7(4967)58-36-28
+37517367-11-77
+749566077
+7(495)6607727
+78124483959
+37517388-03-03
+79301608730
(812)401-68-94
8612538627
+7(812)960-25-55
+7(3852)501661
8(391)227-98-79
640-73-34
+7-495-789-42-15
+37523221-12-99
(8112)70-07-27
(495)783-83-07,967-39-79,783-70-05
(8112)66-03-09/72,67-27-06
4872717765
+7(495)6693031
(351)216-48-88
+7(495)649-6203
74955321220
+37529929-69-29
+78312576718
+3749148-88-77
(831)275-89-58,275-89-51
84959261240
4956464906
+78152550721
+7(3462)220560
(8442)60-08-68
+73432201220
+7(499)946-70-20
+74956617641
+7(495)120-43-83
8(8412)64-87-67
+7(495)232-6774
+7(495)727-33-22
+7495727332
+7(495)789-55-97
+7(383)319-57-58
+37517302-10-21
89251757206
+7(812)718-35-85
+7(846)2057618
(863)297-80-78
+73433799834
+7(3812)207107
 +37523624-68-11 
+7(495)777-19-57
331-57-91
+3749466-88-75
+7(383)3630263
8(4922)33-38-06
7(7172)54-59-47
8(495)5065529
89260120280;74965473518
+73412913377
+78652210728
+79038163696
79647373000
(495)580-39-65
8(383)3637899
8495989-62-27
+7013029775
(8352)620999
(3412)502402
7-920-250-3523
4952212141
89206541577
(3852)57-31-34
74952282011
8(4842)227211
74957378063
78314390169
+7(900)1221130
+74951080867
78463565509
73462229229
(812)309-20-95
+7(383)335-72-09
7(495)374-8250
8-3852-502044доб.111
88422271819
(4722)231-999
+7(499)215-79-69
8(8443)38-49-66,8(8443)38-42-91
+7(495)6798686доб.2021
+375(17)2766630
+74952780701
8-916-930-31-33
+37517388-49-99
+79222007055
+7(495)136-91-28
+375(17)2684545
+7(499)-110-62-57
+7-904-341-13-33
7-342-265-40-71
+375(17)3585690
+79219007009
+74952800230
+74955043048
(495)727-33-53
+7(495)726-78-15
(985)956-8502
78126004818
+74955404982
+375(17)2210053
+7(495)500-0010
8(343)222-79-79;8343288-78-88.
+7(495)646-14-71
+37529152-36-22
(4912)970079
+7(843)212-13-60
495-785-36-82
8(928)663-34-10
+78314120962
+7(812)62-207-62
+7(495)225-99-15
+78123630467
84959994933
74953573100
79113710765
(8362)56-35-23,56-27-10
8(495)7454348
+7(343)2861379
+78127020706
+7(495)725-77-10
+7(812)449-56-20
(812)6778001+245
+79603424801
(391)2911808
7-495-120-65-21
89042811768
8-8352-32-04-55
(499)705-9-706
+7(3843)74-14-31
7-351-200-41-67
+7(495)478-77-00
8622305188
+7(8443)58-11-79
74957875768
88007009939
(8412)34-34-34
+73512044333
(812)540-35-05,540-24-48,540-84-18,5
+7(928)6161016
4953800011
79272151283
+7(843)2217000
+7(8552)384805
+74852660015доб.114
8(861)217-01-18,8(861)217-01-19
+7(473)2540000
8-968-835-90-40
73912180001
79112124489
+7(863)9213101
84951201422
+7(495)518-5332
+7(495)984-33-83
84952585217
74957774932
84997500660
8(8142)79-87-98
8(499)999-01-26
8469892524
79113997310
+73832337677
8(8442)25-26-24
+7-495-668-13-20
+7(914)935-37-24
(391)255-55-19доб.7210
+7(495)984-60-73
79266282242
74957769646
74912983516
+7(495)627-3880
+7(916)611-43-08
+7(495)589-23-87
+7(495)776-7685
+7(495)3746844
(846)302-05-05
84993473585
8800555-32-32
8-916-886-00-85
8-968-580-18-18
8(8442)49-24-39
+78312759757
89184860902
+7(812)4494411,доб.217
+7(383)2277130
+7(863)3007800
+7(495)207-7573
8(863)218-09-66
89251491191,89150277799
+7(343)345-04-65
+79262116600
78123132721
+73912902121
(495)223-44-05
+74953633451
+74951090915
8(3452)75-72-24
+7(8162)614422
+7(38343)91005
+7(3912)722850
+7(383)3732890
+7(3952)931147
+7(383)2277374
(4232)44-66-00
+7(3912)711432
+7(383)2125970
+7(3852)998800
+7(3955)645374
+7(383)3732940
+7(3912)713939
+7(3852)998833
+7(3852)998811
+7(383)2277222
+7(3812)634486
8-903-220-05-77
+7(3854)555645
+7(383)2106700
+7(3842)345888
+7(3852)998822
+7(383)2278755
+7(3843)209162
+7(3912)723764
+7(383)3639530
+7(383)258-58-80
+7(8635)244150
+7(4922)44-11-43
+7(926)532-44-06
+7(968)897-91-90
+7(926)230-56-49
+7(495)600-44-07
+7(926)119-23-02
+7(926)609-28-84;+7(926)812-12-95
+7(495)514-67-51
+7(926)094-58-49
+7(8452)570033
8(812)334-42-05
+7(926)094-58-51
+7(495)781-41-41
+74957864338
+78123299797
+78124493969
8(8442)98-20-01,8(8442)98-19-83
8-918-379-96-76
74953690159
7495443-79-05
+73422120086
+7(843)526-59-13;+7-910-143-76-62
+7(812)642-42-19;+7-981-931-77-58
+73912811001
+74967746644
+79236437922
+73433271201
+7(846)2020120
+79529222907
+73532705969
+78435247154
+73478221883
+78202284541
+7(342)213-79-05
(4212)91-09-98доб.013
+7(383)206-23-63
+7(383)347-30-48
+7(383)214-33-59
78652678871
8(918)665-12-24
+7(383)347-85-15
+7(383)236-21-69
8(343)356-51-11
79222684646
8-900-286-71-45
+7(8617)30-33-35,67-57-47
(383)2660625
+73822544210
84955433839
+7382254007
+73832011288
+73822651741
89186722234
8(918)672-22-34
8-(495)542-03-01
+79103354933
+7(8442)93-00-84
+73422121121
+78432769798
.+7(812)718-5352
79789543370
+7(495)2303132
+7(812)679-22-59
+7(812)3325748
+7(861)2128042
+78312481885
(3462)500-250
(495)788-7414
89835872555
+7(3513) 287-555
74732512412
+78432315555
+7(988)5170516
+7(812)775-00-58
+7(812)350-59-20
+7(812)350-64-97
+7(812)380-83-55
+7(812)326-78-83
+7(812)333-25-25
812-493-25-33
+7(921)0445979
+7(863)2940899
+7(495)788-78-08
+7(343)301-99-91
+7(843)204-00-17
+7(812)454-40-74
+7(351)242-01-22
83832460687
(4832)419108
+7(351)248-34-24
+7(384)3794945
8(4872)526-025
+7(495)9814921
+7(4855)299828
+7(861)2011510
+7(3522)333135(доб.3006)
+7(473)2529083
+7(843)2125739
+7(846)2790466
+7(820)2293172
+7(499)3009920
+7(834)2231881
"+7(383)3991451+7(383)3991450"
8(8202)29-31-72
+7(851)2482152
+7(482)2328288
+7(495)6401988
+7(495)5445052(доб.110)
+7(861)7301372
+7(48172)516999(доб.123)
+7(496)2432077
+7(3439)545045;352322(прямой)
+7(8553)457290
+7(383)3991170
+7(3435)977013
+7(81378)50803
+7(4862)439069(доб.105,102)
+7(472)5420854
+(495)280-70-97
+7(4942)421602
+7(346)2379419
+7(833)2682060
+7(4742)783938;+7(4742)488215(
+7(495)6200899
+7(391)2051132
+7(491)2474501
+7(475)2562192
+7(3519)482800
74952761108
+7(499)3009928
+7(473)2727413,2727401(доб.152,134)
+7(347)2484400
+7(831)2816212
+7(3435)928021
+7(848)2518530
8(8162)774141,88162739420,88162774440
+7(342)2008603
+7(813)7850211
+7(4872)525125
+74957723144
+7(343)2435902
+7(499)4263609
+7(391)2060222
+7(846)2077355
+7(496)6166444
+7(343)2435565
+7(835)2280860
+7(343)2435355
8(81153)6-91-36,8(81153)6-91-37
+7(347)2798606
+7(492)2471297
+7(4722)201495(доб.121)
+7(351)2207276
+7(47467)51150(доб.8910)
+7(8552)912315
+7(812)3269530
+7(4712)272704(доб.24510);+7(903
+7(814)2672170
+7(496)6101021
+7(865)2280251
+7(499)678-38-13
+7(4932)585575(доб.129)929997
+7(3452)578385(доб4191)
8(8639)23-00-33
+7(496)7760644
+7(3452)578307(доб.1)
+7(385)2501588
+7(844)2983885
+7(351)2207797
+7(831)2416969
+7(812)3207195
+7(495)995-39-90
+7(343)2435968
8(8182)46-28-96
+7(879)3318646
+7(903)6365767
+7(4832)325325(доб.400,307,402)
8(988)235-98-76
+7(495)9660236
+7(3519)510360
+7(861)3727142
+7(4712)703565
+7(341)2658849
+7(844)3313177
+7(485)2562503
+7(846)2073790
+7(812)3205152
+7(48439)97202(доб.115/112)
+7(811)2292771
+7(381)2215201
+74959830156
8-3812-215980
+78314667332
8(812)2420002ext.130
+78462708407
+7(937)17001500
8(916)482-84-75
921-984-68-13
+7(800)2012190
+78462616825
+79204692015
+7(473)2332811
+7(900)1318031
+79372751676
79160274801
+7(978)8441224
(812)323-93-83
+7(343)213-76-11
52-65-42
31-45-56
+78462640404
74955143285
+7(4725)429126
79808889
+79257276010
+7(347)2341073
+7495777-1095
+7(343)377-53-24
(846))374-55-99
+7(499)9920920
+7(925)0002220
+7(925)0009990
79139026405
+7(952)6261781
+79511788945
+375(17)2793636
(383)4160989
8(383)308-76-11
8(3822)47-37-43
8(383)363-17-96
8(3822)42-35-55
(3822)70-68-78
3833990054
+7(3952)559946
+73832022336
+7(3952)79-90-90
+7(343)380-1111
+7(3952)339994
+7(343)278-67-00
+7(4852)262-000
8(423)255-97-43
+74957873221
+7(343)287-52-16
8(812)603-4130
8(861)2104504
+7(383)3350275
(863)20-10-210
+79132530312
+7(831)278-06-68
375173354345
+74953320370
84725429429
+78127407030
+74725469286
78482421583
+74957295393 
+77755770555
+7965-537-88-28
+7(921)9657454
+78122450760
8(342)220-03-00
+7(8617)220-816доб.514
+7(495)7961548
83412650590
+73472875278
+74997307616
+73512115017
+7(800)2005338
(495)989-96-89
8-917-840-62-25
+73834022142
+78452338236
+7(3412)91-51-47,91-51-48,91-49-77
+7(8422)277925
(347)293-01-10
+7(938)1183737
7(495)505-61-01
+7(3522)644-748
8(911)286-76-70
8(901)971-01-64
8(921)578-27-93
8(921)784-51-56,8(812)607-73-02
(495)9874455x712
8(981)781-53-22
8(931)208-32-29
8(962)343-50-01,8(911)810-69-14
8(81376)77-966
8(981)741-21-63
8(921)417-38-43
8(911)993-48-03
8(931)202-13-23
+7(903)4964660
+79262212212
+7(495)787-24-50
+7(8202)284541,доб.490
+7(921)3075352
+7(911)2922974
+7(495)2340894
+7(495)7555820
+7(812)327-03-33
+78123372361
+7(343)548-93-03
+74951201115
+7(35342)41729
+7(8482)536053
+7(8482)379755
+7(8482)558200
+7(8482)283375
+7(3537)264919
+7(8482)766470
+7(3532)684616
+7(8482)329950
+7(3532)355799
+37491-367-699
+7(8482)259828
+7(35342)44406
+7(35352)45264
+7(8482)487837
89165579877
8(8352)442740
8(812)3325277 
8800-6000-600
84953800015
+7(4922)66-65-52
8(800)6000-06-00
8(908)230-32-92
7(495)120-08-52
8(831)20-20-777
8(800)2223-758
8-800-6000-600
8(4852)609030
+7(8332)25-50-01
+74957372610
8(83147)9-51-94, 8(831)435-12-32 
8(843)216-16-80
8(8442)50-30-69
+78552202600
8-918-467-46-38
8-918-101-33-42
+7384257050
+72842579105
+73812328770
+7(381)2315312
+7495988-06-61
+73812315312
+74955000302
8-495-911-61-41
+78126003142
+78152252802
+7(3513)55-97-25
+79001049571
8-927-065-22-26
+7(863)9260522
(383)209-14-80
(812)324-68-33
28-00-00
8−913−897−48−37
83852229868
+7(863)4431100
+7(988)3076767
4956404182
+78342270696
+74997556080
8-927-132-22-64
+7-921-099-84-78
+74956452055
 +7(3952)288-218, +7(3952)288-216
+7(862)264-38-82
+79036753904
+78452447744
+7(351)219-72-20
8(86141)21522
+7(351)750-53-70
7(701)288-51-14
+7(3532)453737
(343)381-75-75
+77015130295
+7-701-9006164
+77015568638
+77273313984
87057745558
7(705)901-40-99
7(705)4545464
77077982000
(495)645-69-40
7(727)224-31-62
+77273543355
8(7212)403607
+7(7172)507331
+7(7232)769012+7(7232)769063
7(775)007-00-70
7(701)396-37-76
+77273131585(вн.354)
+77057440470,+77132541571
+77011538408
+7727245-88-03
+77272208216
87172564414
+77272787928
7(727)327-15-65
7(727)367-09-20
7(725)298-21-14
7(727)255-56-54
+7(495)988-60-24
7(727)354-38-05
7(727)304-20-05
7(723)313-11-94
7(713)290-64-07
+77079790339
87172293752
7(7212)908-555
"+7(727)2767777;3967070;2437575
+74954167591
+79581008374
(3472)798-100
+7(4212)42-57-57
+7(343)216-14-73
+749661377372
+74852740643
+7(3854)348-100
+74212459459
+7(495)9819080
+7(495)9801202(07)
+7(495)9801202
+7(495)6609805
+7(812)3274444
+7412209-697(98),(99) 
+79265316276
84232464164
+78423557582
+74995305030
8-918-379-379-1,89881801015
+7(8162)502-522
+7(8142)59-33-08
+7(812)3220999доб.137
+7(812)9412258
+74957739966
3432787045
+78312758889
+78123274444
+7(495)781-79-59
8-926-280-55-66,
+73432782143
+78314292929
+74233793506
+7(3843)74-42-96
+78127021730
+37517210-00-46
+73422109999
8(343)220-87-55
+7(4232)60-70-00
+7(34139)32943
+7(8553)458126
+7(3473)25-64-64,21-19-90,21-19-92
+7(8352)632097
+7(34147)41565
+7(3412)454501
+7(34145)47200
+7(3412)655132
+7(34141)50010
+7(347)292-15-80,246-49-74
+7(342)2009220
+7(843)2758108
+7(8555)303128
+7(8552)597597
+7(351)776-93-32
+7(351)729-90-11
+7(34368)9-60-19
+7(3532)451551
(4732)604-244
+7(343)3832399
+79501256221
+7(351)211-54-51
+7(343)264-18-80
8495414-31-93;8800350-83-15(РФ)
89262672169
8-800-775-90-01
8-800-775-90-03
8-800-775-90-02
8-800-775-90-05
(495)781-17-18
8-800-775-90-04
8-800-775-90-00
8(8202)20-17-18
7(495)649-69-71
+7(843)5274650
(473)220-42-26
+7(3012)55-19-18
+7(383)2178466;2187910;2187921
+7(343)379-30-50
78632798060
+7(495)2121477
+7(4722)73-33-30
+7(384-2)68-11-33
+78422279000
+78122421617
+74732622445
78442975015
+7(383)3146623
+7(495)787-5800
+74956603100
+7(383)335-80-88
+7(835)2308005
+7(351)2399031
+7(351)729-91-06
+37529237-07-97
+375(29)6119080
+37517388-04-34
+375172990763
(495)234-17-83
+78312022212
+7(812)4491717
89261153887
+78127482966
+74742352593
+7(812)647-07-27
+7(846)2073550
+74999223788
7495782-01-30
74991291131
+79022738300
+74959957092
+78352573710
+7(3952)756238
+74932374131
+78314118163
8(987)367-53-86
(8482)538-938
+73422073355
(812)411-61-13,244-66-33
(812)430-87-72,702-75-41
(812)244-66-43,461-74-45
(812)251-38-38,251-53-91
8(81378)26627
(812)235-06-08,702-75-98
(812)600-47-50
+7(989)7113905
(812)327-62-25,327-13-49
(812)554-00-82,600-47-51
(812)244-66-31
(812)600-49-30
(812)244-66-32
(81369)2-54-27
(812)775-06-16
+7(863)2924764
+7(918)5637536
8(343)366-13-32
+7(4912)77-80-80
+74832417481
8(343)319-00-59
+7(343) 202-12-44
8(968)849-12-27
8-903-728-19-02
8(901)536-28-80
89181053888
89184085281
89154569117
8-926-695-96-76
89647914567
+78469770325
89055755040
+78463791548
(34794)4-10-10
+78352438110
812335-98-38
89178352723
(812)244-66-21;321-66-21;
+7(499)3901495
8(903)262-07-07
8(968)524-07-40
8(926)353-78-05
812600-4403
8-917-595-41-85
+79148991775
+7(861)239-67-93;274-65-50;239-67-94
89186403141,8(918)4768668
8-8613-33-03-39
8-937-551-85-55
+73845220199
+78314638885
+7963-476-45-06
8(901)546-64-91
+7(928)1297788
+7(923)4950444
+7863268-84-80
+7(351)200-36-41
+74959210358
8(383)3612266
+7(3513)258-200
+7(495)2212770
83414175095
83412655465
83424166004
+7(8352)557037
88553457503
+79658418417
83412655896
83472461223
88555406465
+79225060138
83413931140
83472921953
83476759809
+79225059877
83412912129
83414727073
83412998099
83412912590
83414529858
+79225104984
83412658868
83422066096
+78453779555
8(812)407-53-14
8(495)120-05-00
+7495228-35-95
+7(8452)75-38-21,75-38-22
+77017310005
+7727356-53-53
8-918-985-09-58
+77232914606
+7(987)2941082
+7(495)1222040
+7(846)2019209
+7(8482)630035
+7(8553)386354
(3452)41-16-63
+7(8552)919225
+7(8452)650520
+7(8422)214006
+7(8352)201117
+7(927)9644496
+77292203035
+78312164519,78312164515
8918-357-20-30
8(952)871-87-20
+7(918)3852006
84957814273
+7(351)920-07-71
89161567788
8(8442)60-11-66,8-927-510-43-14
8-950-544-1144
73422063121
+7(343)253-97-50
+7(423)2460838
+73433019991
8-906-734-70-25
88315990940
+7(8313)263648
+7(831)2950423
(495)6457876
+7(831)2181600
+78127021262
+74996500191
+7(921)4240842
+78432275016
+78463340506
+7(347)2468729
+7(395)2559697
+7(391)2030386
(812)318-39-75
89180971412
(4862)72-23-53,72-29-04,72-42-65
+7(3902)305041
+77715750055
+79046729006
+7(3519)45-98-61
+7(4212)41-70-01
89184562411
+7(846)3743399
+7(812)3252040
+7(812)449-17-10
+7(495)2322200
+78124490791
8-902-385-92-80,8-987-641-27-72
+79018655577
88614743565,89184912010
8(928)307-09-19
+7(3435)49–99–44
+78452200098
+74959844015
8-906-166-54-43
+74959823911
+74012585756
+7 (8512)62-86-58(доб.1269)
8(851)234-27-36
+7(8512)55-32-07
+7(927)282–86–64
+7(8512)62-86-50
8(851)245-05-02
+7(3854)32-61-02
+7(8172)52-05-43;+7(8172)53-03-34
89265561547
(812)740-30-10
8(8442)55-01-50
+79607541664
8-918-440-40-95
89282285476
8-918-444-89-11
89034511119
8(918)062-44-47
89181548804
8(903)466-57-21
8(929)591-70-09
7(727)297-10-30,297-11-07
8(918)417-38-00
8(8442)72-15-47
+7(861)212-80-00многоканальный
+7(351)725-92-39
78453759632;78453554687
+78126772258
+78432124146
+74952460205
+7(495)411-82-82
+7(3822)60-10-00
(383)223-2392
+73432049747
79219460737
+74997077059
8(916)5330482
+78469922449
+7(495)1375115,+7(800)777738
+7(3435)45-59-68
+7(495)6628723
+7(863)2205070
+78452568000
8-918460-48-17,89184604821
+73845632382
+7(800)2507311
+74852457361
7(495)669-60-61
+7(351)264-70-93
8(4922)21-22-44
+79160012683
+7(863)2017885,2017886
+74212228122
8(3439)39-77-07
+7(924)0002777
+7(3022)321653
+79139079538
+7(4932)93-92-00
+7(347)2924965
(85563)3-51-83,3-50-85
+78123299767
+7(863)4657140
+7(495)2873383
(8482)551-921
+78469797979
+7(343)253-01-94
8(343)372-79-27
+7-3952-50-02-01(4550)
+7-421-275-17-31(3021)
+7(495)6486439
7-423-220-01-28,246-56-51(1505)
(8552)599533
8(342)249-48-38
+73414555999
+74957874347
+7(863)2694669
8-496-610-0-220,8-496-610-06-16
(3462)38-83-38
(812)779-14-17
+7(812)331-29-90
8(495)786-26-56
+7(86354)2-38-34,+7(863)200-82-31
8(812)779-17-18
(3513)69-42-42,69-43-03
+79202117315
(812)320-45-14
(383)378-77-77
(3852)99-98-02,99-98-03,99-98-04
(34385)6-09-07,6-09-08
8(4843)92-80-09,92-80-30
(812)779-14-16¶
(343)287-71-23
(391)219-02-37
(812)779-14-11
(383)378-77-59
(812)779-14-15
(3456)34-38-38
8(4922)494-353,494-354
(3812)90-61-00
7-343-344-25-10
(812)779-11-02
(473)202-75-05
(343)287-95-99¶
(391)219-02-38
8(496)727-77-88,727-77-66
(8442)599-688,599-766
+7(863)207-92-37,+7(863)200-82-31
8(4832)400-081,400-082
(3452)65-01-01
(812)779-14-06
(342)249-53-71,249-52-27
(391)219-02-39
(846)279-20-44
8(4932)93-44-93,93-44-94
(3424)292-673,292-674
(351)237-35-00
8(4965)419-070,419-077
(3452)65-02-02
(812)779-17-14
(351)225-32-32
849574188
(383)378-77-54
8(495)783-90-93,783-80-00,641-11-21
(343)270-06-64,270-06-61
8(495)668-70-55,668-70-66
(342)258-49-10
+7-920-610-88-93
8(821)223-93-53
(3466)31-23-04,31-23-05
8(495)668-70-80,668-70-81
+7(812)3837273
(383)378-77-56
8(4852)55-15-15,55-57-94,55-31-84
+7(831)214-19-73
+7(831)214-19-76
+7(8313)23-70-77
(8464)91-64-09,91-64-10
(845)354-49-31¶¶(845)354-49-35
8(8422)224-10-02;224-10-08,224-10-04
+7(8412)23-48-18
(3532)50-55-56¶(3532)50-55-65
+74955965800
(845)233-80-64
7(8422)24-97-87
(8112)33-18-23
(383)3495059
+78482201149
8-800-700-74-00многоканальный
+7(495)725-2-725
8(346)662-53-87
+78352635566
8-8182-66-09-44
+78462313200
+7902-797-71-77
+7(938)1186208
+7(4742)311079
+37460500263
+7(383)266-29-29
+7(8453)532-600
73422077602
(8617)611130
+7(3822)441855
8(8442)37-23-74
+7727245-35-35
+7(999)9892313
8(495)15102-82
+79150277799
7(727)234-34-04
+375293397397
+375296111433
+7(8552)927077
(343)242-7195
74955021038
(812)331-37-10
661-67-17
79133889091
(812)4261412доб.122
(495)558-03-07
+7(499)519-02-04
+7(846)9735203
74957309090
74951344544
84956638800
74242505568
(8332)247-217
+77172559000
+7(843)526-59-10,526-59-11,526-59-12
+7(846)2079991
4957771095
+7(495)967-80-80
+7(495)967-8050
(815-2)27-41-96
8(495)988-06-61
(4812)647-429
84956415579
(812)309-27-76
+7(495)7875940
+74957875940
73422070730
88122448448доб.118
(3822)560056
(4872)30-80-81
79185424462
(861)279-14-01
88633001640
+77122315515
79633211999
+74996535356
89622845759
+7(343)247-85-83
74956458544
+7(342)219-65-09
+7(8482)422580
+7(495)4117601
+998971578919
79258613666
+7(3466)631614
+7(495)545-44-85
73912061818
+74212725501
(3472)912112
+7(8482)514029
+7727293-03-00,378-53-76
+7846951-96-00
3912745466
+7(4242)498-398
456-11-11
+7(4232)600-400
+7(8162)946160
+7(495)788-80-43
9119132027
(495)735-39-61
89281332058
8(495)775-8-775
8(812)418-20-25
+998712021234
+7(495)232-48-48
+7(347)2959516
+7(8312)342770
78123098439
+74953690594
89031925002
74951234653
+7(351)211-12-21
+7(347)2927490
74952405177
+7(495)637-63-17
+7(495)666-25-54
+7(812)64-007-44
8926-574-12-72
+998712003355
73452562020
74993902665
+7(3532)540577
+74957443666
84959897786
89193951484
+7(499)347-48-24 
7(727)346-79-01
7-495-956-63-38
+375(17)2210808
+74993466351
78432392734
+7(918)441-96-82
77712999220
(8162)627-212
79160571486
+7(495)9952575
(495)9951073
+79274586675
+7(8412)90-87-08,677-379,677-525
+7(8422)230211
+79168389511
+375(17)336-66-62
84996536625
+78126771441
+79206713499
+79266134640
+74957441404
+7(8352)634322
+74991310801
+74957873336
+78612048436
8(968)634-77-80
+79109714053
(383)36-37-083
+7(473)2727401
+7495514-8-514
83412639500
8(495)098-01-24
+7652333305
(495)729-51-50
+7(812)6330160
79825379200
+74957870888
+7(343)346-6000
(812)328-8012
+74959813396
84862780512
+7(846)222-73-94
+78123869990
+7(495)984-69-61
989125041232
+78123250084
+7(861)279-33-66
+74995797701
(343)381-17-73
7-495-644-47-64
+77273505424
+7(8412)660195
+74952283031
+78463740099
+7(495)234-06-36
84993228814
+7(812)640-30-02;+7(800)333-73-25
77018836323
89104604795
(383)319-01-19
(812)297-8607
(812)7403838
74959891833
(4742)220-555
+7(831)272-97-71
79097026565
(8184)53-55-87
+7(968)913-45-51
+74957928001
8800550-21-16
+7(812)612-26-52
87011114197
+74959671505
+7(701)1111805
+74956497081
84951092950
+7(831)413-35-19
+7(495)1342422
+7812602-27-72
(8422)71-00-17
+78122351775
+7908825-77-73
74957717751
(495)2296744
+7(495)1343415
77051903222
+73472160095
+78482516-333
(495)232-00-23
+7(499)649-85-07
+78452450045
+7(499)290-51-26
+7(495)926-12-40
+7(4852)58-66-01,58-66-02,58-66-03
+7(843)2042503
+73955507033
714-9246
+77172968009
(812)677-34-00
+78127407547
+78123259996
+7(727)9789218
74993917426
(495)729-51-51
(495)988-22-14
+7(343)2870161
+73433457225
8(812)6402232
(812)335-04-98
+7(3812)663233
(495)660-83-74
79261780272
(495)489-13-30
(8452)283609
(812)309-35-97
+77122971616
+7(495)7853438
73422037537
+7(812)677-03-05
8(812)4483955
79242361188
+7(495)926-00-00
8(831)218-28-22,8(831)217-28-22
8(351)217-59-60
8(383)319-66-40
8(846)201-00-33
+7(903)1248299
8(343)382-01-68
8(495)786-45-55
8(3452)21-58-96
8(8442)68-43-53
8(4872)250-010
8(863)303-63-09,8(863)209-88-66
8(861)210-03-03
8(48439)796-03
8(812)368-52-20
79214825133
+7(495)7272364
87273495237
77781140688
84956486694
+79035557892
+7495730-63-00
+74956486441,доп102
(846)207-54-20,207-54-10
+78123345611
(863)295-31-00
+74951234693
+7(343)228-15-11#2003
8312200434
(383)377-70-23,377-702-45
+7(812)309-80-80
+7(812)309-4090
74956424504
+7(812)3242566
+7-(812)2440245
78312597780
+7(495)2320742
+7(727)3187517
(843)204-25-12,295-83-05
+7-495-150-43-57
+37410446677
+7495223-68-56
78127033060
+7(495)419-09-09
(3452)69-63-60,69-63-40
+74852265010
+7903188-02-02
(843)29-97-500
+73422009596
74957851498
+74832511260
(8452)728-690
74957224749
(8617)21-01-05
+74996536010
+7(391)2906646
+7(473)2460028
+7(473)2460008
+7(473)2460012
+7(473)2460010
+7(473)2460038
+7(473)2460018
+7(473)2460000
+7(474)674-73-63
+7(347)293-42-84,293-42-77
(4967)58-44-44,58-71-41
+7(473)2460043
+7(473)2460035
+7(473)2460016
+7(473)2460040
+7(473)2460042
+7(473)2460029
+7(473)2460002
+7(473)2460023
+7(473)2460036
+7(473)2460007
(8482)20-62-12,20-62-20
+7(473)2460039
+7(473)2460024
+79805533521
+7(921)7500724
8-918-000-48-62
+7(35130) 454-66
+7(495)9564012
+7(342)214-32-32
+7(928)750-50-43
+7(383)319-88-00
(8622)90-11-00,90-12-95
+73432283700
+7(351)790-11-27.
+7(495)6688106
+7(343)385-22-33
+7(383)30-40-263
(812)244-04-05
(8412)99-11-11
+7718268-68-28
89620586414
+7(8452)480048
(343)216-80-20
+7(8452)520752
+7(499)213-34-01
88469891111
+7(347)2751803
(863)24-24-802
+7(351)791-01-23
+7(3517)25-77-82
+7(383)3120471
+7(922)696-69-78
(391)2913000
+7(342)286-60-65
+7(812)3803343
8(961)585–05-05
+74962458112
(4725)42-62-51,42-25-13,42-67-43
+74957875121
+7(495)7481777
89284248689
+73832105111
+74994767404
+7(383)317-36-61
+7(495)150-60-04
(3532)37-07-37,37-07-38
(3952)76-31-76
8(8142)76-16-13
8(8182)41-41-70 
7-383-314-88-13
+7(495)995-75-05доб.224
7(727)259-89-47
+79177778779
+7(831)282-33-01
+7(812)303-91-20
(8162)67-35-10,67-35-12
+7(347)2921470
8-908-903-1258
8-988-233-33-74
+7(496)737-77-71
8(8442)62-00-93
+78002003484
(863)308-90-28,308-92-04
+74957857777
(347)241-89-88
+7(863)3092379
+78612313131
(4842)51-79-78,51-79-72,51-79-37
+7(495)505-65-25
+74959882693
+78452723121
+78452277701
+79372544020
+7(3843)72-14-26
+7(342)2-115-245/2-115-246
+73472829441
+7(846)279-03-80,279-03-81,279-03-84
(3412)90-88-93,90-88-94,90-88-95
+73472236830
+73472252626
+7(3952)500-112
8(7122)276232
+7(909)429-95-50
41-28-65
+73856-46-11-15
+78127031144
+7(4012)99-11-99,+7(906)238-82-35
78123184210
(495)668-70-00,668-70-05
+7902-87-66-578
+7(812)9000-199
(351)210-48-00
+78123367040
+7(347)2759691
8(861)211-85-21
+74957827499
+7(3812)23-33-77
+7(4212)789788
+79148909567
79687587407
(8652)74-04-14
8-800-5555-096 
8800700-85-87
+7(343)345-2-000
+73833621948
+7(3462)52-88-33
(4712)74-03-02,74-03-01,74-00-01
+7(383)291-67-42
4952233211
8-3822-585048
+7(495)1-504-504 
(495)797-3856
 +7(918)5976742 
(4942)46-13-87,(4942)46-13-13
812350-66-74
+73912902001,+73912902002,+73912902003
+7(391)221-32-10,+7(391)220-50-10
+7(391)276-84-20
+7(910)448-75-15
8812702-08-08
8(906)645-95-62
(8442)550-222
+73412770807
(8202)49-00-33,49-00-39
+74232467732
78442903030
+7(928)1330117
+7929-221-20-33
8(8442)29-16-35,8-961-084-44-80
89671281463
89680192460
89032318048
+73432314648
(8635)275-632,275-634
+74212736045
8926546-00-11
+7(961)5207737
+7(383)3639540
+7(343)2864825
+7(843)250-88-43
812227-81-30
 +7(3012)514-888
+7(391)290-41-07
 +7(3955)541-173
(495)663-78-12
+7(383)230-44-54
+7(383)256-11-11
+7(383)310-44-54
(8332)220-380
+7(978)7731017
+74722901777
+74955454454
+7-812-309-78-09
+7(846)205-99-59
+7(343)318-31-31
(8342)33-91-63,33-91-69
+7(812)677-94-47
+83832361234
+7(812)389-28-08
+7(921)905-12-10
+7(812)324-63-20
+73832195593
8-961-974-71-11
+7(343)3442626
8-499-110-52-59
+7(383)334-77-85, 347-85-35
(4752)53-70-07,53-70-00
8-918-374-41-25,8-918-635-66-39
+7(812)2447110
+7(926)6005852
(343)216-16-30
+7(495)120-24-84
+7(812)748-24-84
8(800)500-84-16
8(812)498-6495
8(812)595-7777
+7(812)331-34-34
(342)209-44-44
8(812)360-7475
8(813-70)40-460
8(812)300-5109
8(812)442-7513
8(812)558-8405
8(812)743-1010
8(812)985-3150
8(812)233-3943
8(812)318-5660
8(812)778-1117
(812)779-14-09
8(812)433-5080
8(812)741-1472
8(812)344-0222
8(81361)424-62
8-901-005-25-35
+9261430027
8968374-92-42
8(343)973-50-32
(4967)76-47-99,76-47-88
+7(423)2206807
+74212470600
+7(3812)407-701
+7(3452)64-65-13
+73833253181
+7(383)3253181
+7(499)6730992
+7(964)3362274
+7(343)2161073
(8793)39-98-48
+78432042010
+7713251-67-84
+7(495)640-89-59
8(495)982-50-59
+7(474)290-14-05
(8422)220-400
8(343)382-09-00
+7(8443)451101
(8442)55-11-30
(343)365-94-22
+74212417041
(812)4935646
(843)570-77-55
+7(846)2038570
+7(843)2043060
(343)287-65-22
+78312759551
+7(495)9742274
(4872)22-24-25,22-24-26,22-26-71
88452512094
+3746070-09-09
88123275960
+7(495)956-71-70
+375(17)2100054
7-4852-727555
7391209
74995750001
79854793681
+78003332358
+7(861)200-73-70;+7(988)367-81-51
89186087258
(812)318-0858
78124965616
+7(3435)96-37-12
8(843)255-31-20
(495)660-6670
(3812)60-30-81
89250114245
+74951344174
+74959609749
+7(495)7213505
8(342)270-00-16
+7812703-50-73
+7(901)749-60-77
8(499)220-88-88
(812)779-14-08
8(383)224-69-33
74994554405
+7(499)159-75-47
89090030164
+74956518285
(3952)707607
8(861)415-58-00
+77074400022
7(702)596-27-00
+74725461804
+7(342)240-04-88,240-04-94,240-04-98
+79109241256
+7906-811-97-31
87071850265
+37533335-06-46
79114038111
+74956320194
(3462)933-330
+74832603984,602748
37529524-47-94;37529223-56-31
+7-905-836-26-92
+7(926)360-48-88
+7952-145-46-16
89853399225,8-916-438-71-71
+7(495)773-00-67 
+37544518-31-83
+74832651937
(81378)708-78
+7(3452)68-21-40
+7(3822)78-33-61
89206929343
8-800-100-44-33многоканальныйдоб.400
79171444699
+7(343)361-09-53
89209578005
+74956607118
+74872258500
(495)926-73-29,926-73-30,926-73-31
+73912525335
+7(863)2248248
+7-928-112-93-66
+7(928)6019146
+77212903300
8918-101-41-87
74991502357
+79252663236
+7(928)1239808
+79136316888
(3522)64-03-34(35,36,37,38)
+7(8352)225577
74956625310
+78462706310
+7495626-2020ext.123
+78432500707
(342)256-62-00
+74952490024
(831)2778723
88003022259
+7(499)216-96-37
+74991989080(81),+74957923281
+74957894319
+74955653266
+7(495)233-48-17
+7(347)2231553
(8332)41-77-50,41-77-51
4212-256-265
+7(3852)28-92-80
+7(391)268-72-87,+7(391)268-72-88,
+7(383)373-29-50
+7(3852)77-08-09,+7(3852)77-16-97,
+7(383)212-59-70
+7(383)227-87-55
+7(383)227-72-22
+7(3842)34-58-8
+7(3854)41-82-45,+7(3854)41-61-79,
(846)277-12-03
+7(383)363-95-30
+7(3812)53-16-94,+7(3812)51-14-13,
8(473)2331001
8(422)030-13-30
+74742433811
83822788088
(4212)41-11-46
+73517298892
(812)333-02-47
(343)287-40-06
+79625804810
+7(383)2361234доб.448
+7(391)2190270
+78182293999
83532561144
+78453462920
+79528070450
+78312759777
+7(961)3031020
+7(831)435-1-777
(3537)340-410,340-411
89037267172
+7(861)2035300
+79182301884
+79182301440
+7(391)2205852
79160025933
89384388580
(8332)254-011
+375172050478/79
