Phone list
966038332177
0540540290
966026081575
966026482052
966026655289
966038332427
0503431404
0507461794
966546777706
0555186215
0550844615
0148282549
0546541698
0556002115
0554355216
00966114977779
966114623666
0544396721
+966583884400
0163811138
966038974370
+966562525203
+966562666222
+966544002028
+966543545790
+966564946868
966558820271
96614198000
9,665469137e+011
0508431547
966540979224
00966597990110
00966537886778
+966540076828
0144249555
0599340288
00966542465413
542319182
550729037
966026609947
+966500160904
00966542197834
+966-552737222
9,6656403405e+011
0114661289
0591411070
596444321
+966126828219
00966540341466
00966500558869
966550566187
+966566460027
+966568811244
+966505278491
0543324252
966505331619
+966920004794
0559198871
2692035
0548004623
Phone:+97444419604
00966503363185
+966559997208
966555818996
+966533694783
00966920009372
0504267802
+966556203661
138340542
+966114778818
966026298153
0593273444
0502050284
0504255297
0506637538
966038343485
966551215092
966038337110
9660138277777
966038674890
966026607338
966531603606
966012060555
+966112057800
96626391081
+966138933333
00966-11-245-8626
966033625226
0535880526
9,6655323307e+011
+966570571197
+966597151848
0500094782
966532250500
+966592731371
966038676720
+966507776065
+966504420523
0112921255
+966570860417
+966549116362
00966505657279
966014779111
966505843780
9,66559232e+011
966543220045
0562925623
966501742714
+966920010540
966138123725
966538330642
966026493245
966033898777
966043913986
966026473509
966026829515
966048280109
966048424816
966026085111
966026634777
966022879111
966540550057
966033622666
966038675084
966025666603
966014035074
966014777207
966063277111
0503447614
0172310868
504668242
9,6656330411e+011
00966503996804
9,6659525708e+011
+966505292434
966012654021
966014030884
966026687267
