Phone list
38123523948
+3816335607
+38112327459
+38134330681
+38115832220
+381117704566
+381113974857
+38135241652
+38132718386
+38112334332
+38132717427
+38267608408
+381214790356
+381113131093
+38163383638
+38136383330
+38124541936
+38163572701
+381117152230
+38117404133
+381113440050
38220246802
+381113119642
+381116301279
+381113977504
+381(11)3621211
+381112418169
+381117854747
+38124567330
+381112175922
+38163226544
+38122429862
+38121468431
38230318500
011.301.88.34
+38115319050
+381113189496
+381113675965
+381113192911
+381325155015
+381643965295
+381601178417
+381112773108
+38121464436
+38118516364
+381112065400
+38115343469
+38123525233
+381112960741
+381653198637
381112120546
+38134723208
+381113986222
+381118721109
+38122311455
+38113333461
+38120331853
+381112015555
+38114238920
+38117417936
+381112103246
+38115335850
+38123563533
+381116308283
+381112771174
+381112571922
38269191021
+381114066176
+381113016383
+381112576206
+381113475709
+38124853204
+381214801355
*38112556658
+381113475337
+38121420809
*38125434090
+381184264008
38233451665
+38162505878
+381646428917
+38123510385
+38113319179
+381216750488
+381325574301
+38114228190
38163273860
+38114239994
+381116390297
38220650830
+38118270400
+38119420807
+38114293625
+38267830333
381113149894
+381113344162
+38131894893
+381112503302
+38136327210
+38267147600
+38124525636
+381113973409
+38121531222
+38130423147
+381112496445
+38121851117
+381184227105
+38116215604
+381117151862
+381113691690
+381114076349
+381113779800
381113081038
38220269839
+381113731507
+381113627033
+381112452657
+381214754424
+381230439314
+381113164747
+38131521166
381112070641
38220872522
381112414797
+38125432310
+381113058418
+38113332787
+381113442465
+381113140030
+38123524160
+38124546302
+381113699080
+381213825643
+38344869727
+381112852804
+381113650196
+381113160496
+381184210152
+381116350555
+381647094018
