Phone list
91099557
68162696
94562058
+6565093400
87222003
62502083
67781668
97371386
6591785821
62923711
66729229
65721200
+6563462001
96936457
66863307
64997600
64997617
+6564824773
65568000
62641100
64844518
90280956
63921211
68448087
81878298
68441660
6567412468
+6596875363
+6564335000
6562757000
96227043
90362086
+6565001441
66345515
69080668
97660410
61002928
67490873
63569373
65-67474714
62502437
(65)62545245
65513858
68481333
+8613810498214
6568486948
67151537
61000086
+6565136800
+67077992125
97581379
65143311
+6567440344
67178729
93839908
+6582482882
+6596776667
97374604
67460466
93261936
69507566
6581833511
67340942
+6596557348
64844039/64818726
67422988
81688130
+6567448717
93866799
63833101
63685922
90048833
84181776
31122078
62723383
+6596163000
96485346
68839762
94877355
64411213
+6584576596
+6567344313
+65-62610966
6732423721
6565550133
65130889
81757045
68443322
+6567477855
67560988
6562933155
92352415
68902898
6564458248
+6562936571
62953286
66848770
68995200
+6568443322
+6567525700
+6565721200
+6565766766
+6564817535
+6562914444
+6563685922
+6568427887
+6562852233
+6562933433
+6562986822
+6564905000
+6566729229
+6562502437
+6568532555
