Phone list
+421412289904
0337721584
0424468225
0434281100
0484146514
0434134610
0435866549
0556770607
0263531017
0346543429
+421917780291
0527222958
00421513249511
05563309489
0917148068
+421917368497
+421265968267
0517592811
0917253176
+421417647525
0417234355
0517765016
0534495837
+421417645137
+421553337107
0945430420
0387604539
0249101611
0445531536
0326521933
0267209111
+421232161700
0556704222
0517731185
0566420026
0444322128
0566727789
0534462562
0556220117
0248213410
0554602060
0556250856
0544727165
04244312601
421911264144
0317707464
+421910632481
0587326772
0474325960
0445520102
0336481159
0517710520
+421455401969
+421484161950
05448811612
0527731425
0944533848
+421905436935
0415077055
0244880533
+421356920113
+421465121111
0556114611
0444353221
0249111920
0376927120
0445474732
0327430071
0255568440
+421903401439
0335502797
