Phone list
845190596
824965674
0115932170
0712656734
+27818080072
+27129976592
0218414800
+27113139012
+27215340202
27118690015
+27828445835
+27113962004
+27414846172
+27796920271
+27(0)861011005
+27114937079
+27112018927
0810346825
0114721700
114729105
+27317656754
+27724448248
0114530223
+27116805495
+27215103441
0113707400
+27(11)3729340
+27152971617
+27313062386
+27113971750
+27128040120
+27333865005
+27116263890
0137528253
+27114447635
+27437430212
+27219299400
+27118266688
+27176344090
+27(11)4903800
+27795261687/+27798882678
+27215576950
+27118020919
0448744788
0123642403
27152881528
+27123455215
+27114637350
+27(11)6078100
+27(87)8039868
+27414532115
0114030125
+27118693925
+27219488800
+2778879999
+27672539097
823751372
0315736225/0834768522
+27113160099
+27116407871
0100065274
+27218515907
+27215519593
0114750637
861436487
+27118236689
0329463085
+27413657515
+27573962186
+27114653149
+27414510935
+27827166776
+27514471961
0538366900
0828828199
+27317672544
+27413737989
+27448710479
+27824517936
+270100017343
+27832257173
+27828047578
129933679
27836453160
0760392916
(012)8093961
0113940036
0736666232
+27119071016
0828936789
115559400
+270153073668
+27317640665
27117237500
+27317014380
+27763659955
(021)5340202
+27(0)123492919
+27117046812
+27123792162
0606924682
0846760950
+27357871027
27113173890
0219452111
216913879
+27(011)4664137
+27215066260
+27310130019
0833101740
+27126536150
+27128090009
0638515756
0861533825
0115685093
+27514000400
0878221395
+27186321531
+27113347500
0117813100
0339400888
+27(0)219755921
+27827744762
0833059598
0861272835
0393172441
+27(0)113977936
+27(0)359011100
+27(0)312741050
+27(0)333555700
0114681619
+27126637989
832787028
+27437430429
+27117927230
0118224211
783468865
827532786
+27796913134
+27(0)396824856
0836346044
0712546267
+27(0)861272835
+27832673015
0128030561
0870125700
0130130314
27128070172
0111005251
+27215514564
0114586110
+27126650454
0113940914
215301600
+27118050625
+27315347000
02144133000
0711358214
0722902129
0825765018
+27537122697
6066299342
0100353685
+27(0)731219500
0183857602
0835983095
27213001555
0115557000
+27112342060
0115680429
0814835993
0648404685
+27393172657
+27117873787
0157812662
031-5645692
031-7654140
+27145921301
+27(0)219828124
+27126550019
+27118924551
0113367311
0414870887
+27126446300
0126650802
+27(0)114664172
+27827107883
+27317016564
+27(0)217153151
114720669
+27182977801
+27366311503
+27114218946
0112357744
27214470840
0114840900
+27118244061
+27145967071
217130656
+27113945412
+27128044342
0832976776
+27123310600
0119702416
0713367243
0102240067
+27119182830
+270716071331
+27(21)4231450
0117752690
+27117082811
0824472646
+27114723395
+27832565894
+27114351493
+27(0)116919300
+27414514359
+27437223800
+27315637505
+27113157670
+27215106070
0713563563
+27(0)414842626
+27824959705
+27126575300
+27114254968
0827435446
+27414842645
0125470192
+27319144108
+27126634331
0112749200
+27114352773
+27118154630
+27415054600
+27124922741
+27315081520
+27118275705
+27215112025
+27632531268
+27(11)8030570
0845011544
+27215513357
+27218591765
0126644885
263772886135
+27137546544
861887847
0791878121
+27113260018
27825590341
0676388549
0118645255
+27436425556
+27215511363
+27448714241
+27834535464
0788687366
0765626796
0123477944
0117941217
0727505979
826527075
+27118734060
+27184685080
+27833393783
+27182977193
114639797
+27827885678
0112515700
+27119073752
+27329463966
+27515050700
+27315739200
+27118871308
+27215303460
+27126533090
+27313107900
+27437433650
+27119185220
+27119515780
+27448735020
+27537232222
+27538321211
+27537121164
+27113155800
+27(0)11823-5555
+27125249600
+27137533641
+27343154150
+27218721554
+27157816401
+27333454545
+27317020831
+27152976177
+27415048200
+27182975520
+27217039290
+27123300211
+27125468111
+27117923380
+27145971311
+27218538511
+27153071213
+27543326211
+27573963191
+27227132371
+27136928536
0814796215
+27233421795
+27216382400
+27573575724
+27169335097
+27117632844
+27823335251
+265888868198
0118836410
+27136925042
0614193412
0113146052
+27112374500
+270845088749
0317050400
0126535170
0115684899
071-363-6451
011-393-3885
+27670589487
0108227500
+27119733915
+27413641804
0720829021
0117069800
+27147633985
0123481116
+27114215521
833050689
0210062136
0533531841
+27588632268
+27584812259
0152970033
0112661000
+27413730121
638294988
27218169000
+27168894401
0176321220
+27164401500
+27100100659
0115419801
794013216
+258871408141
+27829041943
+27834588373
+27126537901
