Phone list
933035533
964340734
952478886
950268899
952393799
951011500
952455182
938749500
938017370
937735680
915171858
937457700
920253864
916931255
938902011
950459110
932431960
972231674
972269162
972670323
916652222
965114808
957325705
954529411
958401970
959244365
922781997
922200786
922813121
922871256
986260626
922256640
922412483
922402414
922383729
922320835
922626362
937310358
935645951
937114252
962403156
938673318
933462861
931666151
936928382
959541154
954421254
958279558
937349900
945359715
963182025
979712424
947474242
944544188
983308455
985308683
976449063
969325970
947546000
948247300
921437711
956142200
942752711
981174955
987211375
967592683
948848000
923125004
976880830
947347409
942355007
943333249
987225250
965301724
937523828
916923333
914740700
918516324
946202694
918757714
961340526
932551400
934251784
932444624
933517410
902101717
971555555
944442508
971380693
971430486
922236810
928548010
928810862
922211500
986482299
943702604
981173200
987409500
982209495
981310728
986787030
981138000
988347040
986506801
981588400
982411010
946400751
988373600
982585661
926252730
953587783
925802827
926540084
953281400
967523082
943635525
925233317
986502429
986266398
982209951
981171080
988511229
986866348
981572825
957322186
958412268
944535733
954294004
961274894
952247078
916657231
918771390
916572671
913042273
925334033
985510716
943723800
938912161
931426342
932653484
938445449
935860936
954862211
922221422
928855500
616959313
938756401
925241194
977414108
977707046
977442945
927242362
956185513
956668888
956261515
955454554
986866000
975227461
949103828
927414156
941232600
965924846
985980818
922218209
928695248
916420851
958506222
965376111
988214066
938443300
958804888
957357240
969210120
954998899
925812601
924845300
926253700
927415450
924554784
927269027
924271300
967191237
968856952
950393188
968611379
971420099
957520504
957509328
966083100
982212325
964340566
988243421
986840566
986422255
981160000
954999666
976471003
930028010
931132068
931176034
973100414
972104828
935148951
977942002
938904522
943445039
943100866
943805015
943748010
964713010
979165966
943712038
983313457
945253300
947474426
948286002
972237883
958550570
965800788
966952677
971256085
652129085
938901611
916856799
920256888
921427161
982217429
934910104
944544007
955045400
952038504
687967272
952820181
952244268
952798175
925102155
952870736
952477720
933063471
923204098
965103833
950271083
926647410
953607999
968119919
962698150
959034858
912777260
912776750
617901664
962860041
916773237
933308553
973205700
983397711
972220042
978832996
928471048
976189530
972336811
941146646
958011300
965708101
957746028
972031101
947480625
936036688
973710501
973501158
965101492
954999260
953280077
987409999
933409500
980010101
935078010
987849210
961220600
961117306
937740228
977703400
938171001
938600620
937415790
962287135
971434343
938050577
938655436
938771775
965521078
938890203
917540265
918457283
916428367
913674838
968202265
965127007
964250040
660106979
962915265
963134020
977199716
902444777
914472500
972273230
938869595
953281411
617481308
937735055
978105110
977752550
659463291
96811566
933084748
932237500
950622890
976106630
965283522
957256142
956270246
932681912
948232800
954257080
973233032
950885544
961223300
937852535
952840052
977199076
977588020
958834334
950152004
950453333
950480653
950347733
968260611
928795723
633743458
963654550
986210024
981569433
981173300
986501407
982207013
983398733
965989898
+34915052500
957326035
957773840
973224418
987412100
954352665
916668750
937240306
922537537
985464611
965336766
967210245
969234466
977940909
933746000
968344470
973210700
976529200
924114058
902201501
926316241
985309080
985514100
985168822
932765040
934538327
933237160
974222690
944535151
959543737
926270394
984157073
938787659
987213994
987409167
979166139
968324961
935947072
972359921
634999665
934119688
916019503
980569856
937343735
608070353
954367460
972275006
958411005
722782627
973111006
967592981
937588866
966431840
933404316
938816269
608572074
988211343
971199393
677587640
941145355
934753203 
973311674
968780676
981872100
943722344
959240094
916197173
964242055
961594450
976562375
962456140
981231140
962865211
966614136
934741771
978601361
918350610
918826500
935702644
943345000
938041300
949202125
967216611
968836444
976883588
973221245
987260600
948821143
976560500
981277410
926227800
953280601
947489199
975212752
983217940
977199718
928462153
963135160
923204420
952318778
915399292
954431053
925819387
938211783
917540000
958900700
974417017
978830108
924221676
922205436
971354990
925241024
927534483
981585378
978605561
917109911
916923737
957322967
953656260
945123888
981175511
976415455
972348110
942336191
934744142
914812216
916169470
916784560
932968117
934987713
944535760
944363873
916752136
972232222
938066000
944526844
973257899
974415132
937994346
948281600
923120612
937670462
977124424
937464634
975233124
977206438
977449771
980514068
948821247
977609119
977182860
938869080
941255089
913771444
942835345
952437507
938900044
980636992
952781097
637482981
973257625
938776508
961251690
943798833
943857010
943285611
934776262
934970797
968402892
977448199
916921377
936309516
938869590
938603625
916794293
932222700
971430034
971843131
971310903
976463109
925806300
917981315
957274558
927426409
927236262
987840800
924563054
924808082
958465075
957357068
954181811
911252932
918085110
933386251
949201755
924273811
924387138
924207375
916280660
944676613
902820999
925818249
927534096
925240801
926256125
956547388
913239395
937207450
948233850
948554405
985564140
972396322
932250405
972678539
937206360
937171709
916610926
946726027
914901040
936687357
955792740
955901916
955223892
956645003
945262700
914812161
974222912
948814480
977546733
938066262
938737100
933949850
925512188
953244044
953752608
961270072
934622119
933778051
964340688
968265555
944745026
941200099
638866446
943741200
943457455
964465007
943799300
971430411
916066868
980630865
912305996
987849161
979165083
980557088
951053802
+34938405545
+34985347806
+34677143225
+34976470069
+34967505701
+34973211049
+34914850550
+34943445777
+34959541154
+34944544007
+34976505097
+34985355781
+34938464801
+34977206316
+34943377788
+34961788485
+34961118126
+34916421231
+34918720863
+34987805600
+34945286922
+34619386633
+34954367460
+34916752136
+34952171700
+34979713388
+34947201440
+34983217745
+34935807237
+34983294744
+34942216408
+34951011500
+34976321608
+34954359335
+34959244365
+34922626362
+34964253353
+34938221251
+34952787854
+34968065376
+34968110192
+34986502429
+34986866348
+34981171080
+34988511229
+34981572825
+34982909951
+34986266398
+34964256079
+34958661436
+34953777416
+34928817516
+34928852471
+34928466416
+34922793475
+34922221422
+34928756401
+34941232199
+34977442945
+34944544254
+34922682699
+34928801440
+34966674197
+34985550517
+34985144488
+34881064835
+34985190366
+34927907849
+34924435463
+34927122212
+34916879106
+34956678555
+34973313204
+34921412758
+34958550570
+34936406223
+34916856799
+34921427161
34943151075
+34981555804
+34938771775
+34986501407
+34986210024
+34981173300
+34988511729
+34956317676
+34967225558
+34923204205
+34942650501
+34942805858
+34942347777
+34952673569
+34972514460
+34950152004
+34975230440
+34976897172
+34976769100
+34974474657
+34948820930
+34961255225
+34978604766
+34956472665
+34965111375
+34985681200
+34985464611
+34968344470
+34881926724
+34981330035
+34986260626
+34981295355
+34956506253
+34974222690
+34922071002
+34935707254
+34972506836
+34954431053
+34971431020
+34925241024
+34981277445
+34986980436
+34925819387
+34949202125
+34947489199
+34969222207
+34973221245
+34918810912
+34915894100
+34967210807
+34941245999
+34952318778
+34620838350
+34944539000
+34943345000
+34987260600
+34922205436
+34971354990
+34976560500
+34983217940
+34934311188
+34938041300
+34953280601
+34924993530
+34928462153
+34924971550
+34965101028
+34943777090
+34958405676
+34963135160
+34942352200
+34910508915
+34926227800
+34975212752
+34976660494
+34916766611
+34978605561
+34988750553
+34979722447
+34938794112
+34947333396
+34944723430
+34950885544
+34968351000
+34950622890
+34916424640
+34954677220
+34927236262
+34924808082
+34924563054
+34924207375
34924387138
+34986342556
+34958465662
+34954181811
+34968112730
+34969210120
+34968022448
+34968107606
+34957113643
+34927426409
+34948350700
+34916280060
+34918457283
+34977546733
+34922610038
+34980557605
+34902365748
+34916561812
