Phone list
46857020242
+4643518495
46(0)105057673
46722048104
+4640-6155500
+4641778390
0104724821
+46840101606
0775500700
0720557777
46303243090
46(0)105053801
0418437800
0243-80145
4632126270
0708656500
+46105057554
46303334560
46709640726
+4613373200
+4621109630
+4621109621
46708547075
46-105052440
0737858668
046-520490464
0491-768583
0706356962
0703572436
040-6307500
058780510
46841090800
015714030
0046105055259
46709786663
0346-87718
+4687940035
+4627127400
46702583738
08923846
036-154500
0243-257900
46105055830
011-217600
0721830325
0702923814
0105058123
091110800
090-139880
+4664010720
46733999499
4684424900
+4631659000
0722153715
0702864590
0705540205
+4687652515
46454322440
+4686262090
46500412543
+4690154600
0498-691410
0122-83570
+46313036022
706126515
+4611368880
+46705580033
468834230
+46320655060
0370-692750
4687116610
4658088667
+46708442885
0702547930
0708991512
46418449984
46418446390
0731530953
+4663577050
4670-5922082
0708726769
0703291512
+46703750886
0451383134
018-107720
702807226
0243255040
46768488284
46196708000
+46104707500
+46727107878
0250-552440
12345678
4627159000
+46479536000
+4684647100
46-13233760
+46920257525
0739833131
0771-330033
0855655770
+46150489100
0733-039039
0250-571180
+4631245590
+4636-163890
0707287579
026-4014100
46113330001
0705-311095
0706649354
46734382461
46703392794
+46734382456
46734382480
468231660
0317488620
12345667
+4631802480
+46317120210
070-3931024
0709-627625
+46000000
018181637
0854471946
0046709396677
+46102090900
054-137870
0479-17550
46706203448
060-195250
018-161750
0226-83550
08-4770700
+46470711397
08-54560660
090185250
08828001
08-6193780
042-194800
0705673929
016-172120
0480-449731
+46733878353
+46703213836
049927300
4641048330
4619205480
0841077600
46705731739
070-5204623
+4626214445
+4621381552
+4619207190
+46107053000
46-18693026
+46470329235
4641129887
0705120846
0340590790
0733300574
0730365864
0704310712
0140-440002
0501-66220
4630366823
+46091013085
+46105050000
+4652379500
+4619207200
+46582-45580
+46855620690
+46104720050
+46021184070
+46322642500
+46370335730
+46855066800
+46370665066
+460411557590
+46371252000
+46015216016
+46317207300
+46027013600
+0046381-662260
+46732305740
+46705545200
+4636345060
+4654240300
+4652223900
+46019194780
+46060525890
+460320209880
+460856631300
+46044210905
+46226-170000
+46317481960
+4687269550
+4652812185
+4642202600
+4631-262100
+46104707000
+46706364165
+460102069400
+4619323288
+460371-18005
+460213601900
+4650217520
+46927800580
+46771780000
+46040126900
+46730707321
+46037116850
+460221457500
+4622118230
+4645734531
+46510-301021
+4654-224940
+4631-269510
+4611-285550
+46370658500
+4686857000
+46858022000
+468923500
+4631653700
+46196033000
+460317061980
+46855621300
+4613364460
+46313825000
+46855621400
