Phone list
886222260080
Phone:+886-2-2991-0038;886-7-372-683
00886424753637
0227419898
886226864868
88635430607
886286638575
+886963078793
886227592859
886287921288
886227081730
886223716000
886423710376
886424750393
886229021301
886222126617
88647329966
886227956677
886222806939
886229969780
886227320822
88634617999
88633235668
886423769988
886289903579
88665892388
886226478998
886229995503
886287918588
88662438833
886229994889
886422050083
88662541567
886222687356
88676167936
886225682013
88673593901
886229189655
886225981067
886226311989
886222262958
886422809019
886222988939
886423220225
886225570808
886285124096
88662493086
886425222979
886222218769
886229995561
886225872066
02-2292-2811#22
886423503145
886227935258
886227661183
886226956568
886225589169
