Phone list
5333400466
902165408878
+902163145900
2166270896
3125271605
(0312)3875280
3128154880
+902163860998107
+902163649560
00902163886898
+902163929220
+902123200880
2164433991
02324586162
+902122102720
+902582630313
+902165749191
05344233434
02126716043
+902164440315
+902165081887
902163877620
03122185556
05452865572
+903124742475
+903123854674
+902324491800
+902164505586
2126711132
2164103791
02324696989
+902164442374
+903222339966
+902124070102
+902163423206
+905304089967
+903122126450
+902163802680
+903124910506
+902166614211
+902166710714
+902643535253
+902164873346
+902164988353
+902242812225
+903123950477
+903122172750
+902324596357
+902164153333
+902244434356
+902164204040
+902324721693
+903122196816
+903122875502
+902324575515
+903224295331
+903624473635
+902122569405
