Phone list
1942222928
1629760056
1282863636
1355574777
1460238522
2871360110
1276405777
1513572497
1223416678
1179425355
1622882211
1224581474
1252327661
1179825143
1744735606
1296434604
1670737733
01914775721
2086733455
1746768000
1616539015
1215541371
1543466650
2840662744
01372378666
2825658526
1914910777
2082690006
1322555125
1256320021
1646601879
1865395353
1792796333
2392851305
01753681858
01206835513
1902424084
1227719997
01732740155
1580766789
01226288261
1223413400
1242523065
1224222700
1256479174
1225444300
1234215222
2890781157
02072314455
1237422300
1516661527
1205351554
1274305646
1268530274
1173003800
1202814700
2082906028
1282427731
1284767231
1227456771
2920495831
1242227555
1244682800
1225336747
2476681221
1293517500
1322523222
1384418900
1342324325
1323512000
1513571757
1324624949
1329221011
2087511234
1914951000
1474320800
1483304755
1484543131
01244280507
1463221881
1473230404
1553760611
1133895150
1162855555
1512610077
2072536162
1582416633
1622757374
1908261414
1698843430
1983523481
1604752300
1159866531
1631565858
1616260990
1856876876
1733563261
1752669788
1752737575
1202739300
2392820535
01772654954
1209219800
1928578141
1618724224
1142413450
1217455564
2380635141
2380228300
1702617222
1782262141
1453755300
1792642824
1793514300
1823336300
1924381281
01159757317
1942492211
1483722422
1902451654
1905452737
01978291747
1935432300
1684299660
1242522001
1563537617
1248679050
1908666777
1782714499
1444243466
1283542843
1481725320
1132430203
1418920166
1315536611
1903206700
1743469150
1422364743
1418101441
1592656190
1992536393
1212365012
2072638007
129870333
1617641297
1132319911
1442412200
1480217717
01642672685
1242240600
2890661177
1416131153
1227766525
1273724288
2087631177
2084430033
1925650501
1613511460
1270584671
1244675779
1625433617
1132406412
1792580266
8450940089
1355238641
1159400036
1162666924
1242582299
1269841034
1267236661
2380637033
2825641511
2890371888
2838335215
1472350918
2078340901
1752268411
1278454490
1752484290
120878701
1257260658
1189587221
1616787782
1483502602
1932848020
1594822350
1256330040
1934419302
2380260311
1380722200
1414293334
1926705000
1452725255
1386422199
1745888710
2920482929
2870352411
2838332789
01516667358
2085935666
1416473111
1924401961
1302340034
02890770037
1224729227
1314424448
1343543969
138648950
2088901131
1303850118
1397701270
1452529687
1475723206
1483538584
1355271998
1484538221
1463238922
1535662568
1539733660
156268221
1506439188
1707394020
1443691066
1282617311
1912868692
1626352444
1609779681
1291431200
1604493216
1418875255
1768899889
1738635441
1527529268
1706659191
1656767060
1706212221
1723366344
1386446724
1727858917
174421029
2089812423
1162742111
1892531024
1213227115
1923232817
1955604711
1162889122
1698355815
190528771
1619989898
2890618666
1260279695
02085319919
2392262624
2085890777
1603786111
1159233222
1754760777
1279639603
1733554863
2084509222
1473276750
2077290110
02077208868
2089936888
1484533391
1745337669
1594825225
2887725033
1902454939
1502715621
01482599299/399
1633483666
1202547396
1553768287
1473622100
1788573105
1842755927
1512647171
1268418181
1933226062
1823337451
1254383421
1626367733
1603412300
1432357251
1638576950
1803663380
1284752481
1179559959
1604621711
1159266341
1728833800
01458831126
182763660
1377270772
2887729787
2089073478
1942265100
152468701
1233502846
01902351333
1525371840
1271313333
1733898444
1162557441
1273430789
1865721186
1443691555
1908644555
1785255500
1934641333
1482320691
1606861365
1772257522
1592655811
01727832782
190068333
2085424111
1179666851
1228526231
1723360301
1788555200
1256321875
1204531206
1234262726
1923227796
1603405123
1634232400
1787881949
1224894050
1646693602
1227455217
1707255120
2392671711
1422359428
1414203006
1732771511
1384481610
1616270818
1708348000
2082696000
1527514555
2072323000
1904415711
1484516059
1522522301
1512602060
1235530909
1132633995
1343551122
1229820117
1553773132
1452526721
01738631411
1416463450
1536511311
1473250044
1316528140
01246269646
1225761163
2084433381
2074280090
2085947121
1202293911
1295273340
1913751980
1283561001
2086075840
1296486251
1582728811
1493442078
1284760393
1514247411
1225331555
1724747500
2089980061
1253355688
1624673457
1462675850
1633856056
1314532311
1264364644
1827313171
1494520061
1463713388
1132430033
1915160044
1159506321
1189571201
1932770553
1978291723
1132433338
1642618811
1905756576
1913830950
2920729600
01782622234
1279465566
1942821754
1245449000
1792583777
1656768876
1294217320
1753578961
2088638641
1302320241
1325466441
1604750292
1472357553
1212444000
1382814931
1432352633
1387259192
1226297700
1935472727
01215064702
174422217
1292287944
1274725715
1502585526
1142444641
1932353011
1689806733
2476638738
1293565200
1952291000
1912685229
1912715024
2085597000
1895441111
2087688080
1634735423
2380333228
1484431199
1473290109
1213334959
1823277185
1392411002
1512071558
01414455566
1325460231
1217432227
1782284747
1614761163
1202675041
1539741174
1215224411
1912260060
1142610104
1618760003
2920485642
1274737948
1709828666
1133852700
1481713555
1743464426
1733897989
1708890089
1535691111
1603763132
1242221948
1706521212
1642675032
1915144466
1952680055
1252320320
1895233036
1234270446
1322557162
1723376229
1217441060
1204541480
1925232007
1482342175
1202480840
1332290826
1293544051
1132434033
1213266699
1481246969
1352733200
1303271010
1480437744
1775723546
1582580111
1482329891
1159649191
1159306858
1162788000
1534875621
2870320888
2085904443
1215025133
1932230123
01256707070
2088059696
1636672227
2089590277
1233622332
1234840066
1707326344
01977604550
1912245924
1517093154
1623422644
1623631200
1209314413
1162537770
1618720200
1922618844
138474681
1253406671
+44(0)1707379800
2890645060
2087493616
2086956989
01162999100
1322271171
2088507630
1787479696
01782383282
1789415005
1733562047
+44(0)1782564400
1603666091
1733551681
1414295681
1642246208
1224638129
1592655195
01217160575
2085470033
1442828387
01925980056
1484515401
01633222212
2890307800
1422363525
1924375611
+44(0)1159704531
1276682984
1217880697
1722340789
1264334555
+44(0)1794522817
1722333888
1422369994
1507477177
1483538222
+44(0)1924241290
1843860098
1243786787
+44(0)1638721760
2085736774
1270588060
1614298100
2084419788
1282695269
1706211027
+44(0)1604759906
1639641177
1179525252
01753619030
1427611661
1226380962
01212851101
1432353071
1373451277
1902609013
01275868335
1743442345
1904489333
1622688882
1419453336
1473727382
01617249715
01314482525
1793496461
1255422330
1799513123
1920465932
1473276760
02083485191
1376503049
1635866933
1992469973
1604403333
8452919211
2077373555
1142560640
01162779772
1543466546
1708895620
1322558922
1942247654
1977792233
129870361
1625426436
1695570123
2890438396
1482219596
2089940118
1206576400
1914970707
1515216161
01142449988
