Phone list
380442303474
0688666999
380954803580
+380444512802
+38(044)500-11-35
380577328664
567901033
8(067)411-06-61
38(044)3337263
380985783718
+380984052136
0532616014
044-586-2770
0442873354
38 0612869050
(067)2491172
+380445012855
044 206-49-18
380482342696
(044)222-000-2 
+380678100360,+380958809249
+38050416-11-00+38096-416-11-00
38(044) 2283317
00322418022
80675102053
+38067402383
380445002486
380567856783
380487282554
0673675946
+380442067777
+380444644016
38(044)5925140
+38093-765-84-14
 +380(97)9659146
0737755977
380504565613
380506024510
380573416252
380573408699
380457172405
380577587253
38(044)3901290
380972074260
80667332796
380573763831
'0672597941
+38(044)206-77-88
0800335159
80972766872
+380982003182
80984960096
0443000220
38(044)5002000
380445946783
+380504451029
380432551424
380512586416
+380612841476
+380322451721
380487772283
+380362690559
+380997573170
+380352433027
+380577591818
+38(0552)38-01-12
+380444992250
00503161320
380442053715
380975156434
0678403540
0674645577
38(061)213-46-99
380504480055
0800330376
380577631460
380645703434
380443329335
380501452826
380577565601
380673422849
380615366520
38(095)1821637
380482479383
380444992132
380432525430
380443645354
380577179977
380444066970
00442060905
38(097)6005457
380509184522
380617076753
380444619048
380685537711
380688713387
380442275123
+380(432)507996
380444943344
380577520408
380442911164
380445456284
380567861488
380612897700
380532599299
+380442073050
+38(067)609-55-57,+38(050)609-55-57
0800750987
+380689796322
380993037554
+380675570295+380503337760
380994325575
380637962148
`380993444300
0487377689
+380972202201
+380443344235
+380509182531+380673428840
444997878
380992886622
+38(0462)65-30-50+38(0462)65-30-79
+380673330378+380733330378
380445010457
+38068226-31-70
+77083132279
+380443319254,+380443590857
380567451110
380443511270
+380444287732
067-507-57-11
380677479832
380666489885
380675620451
380562360300
380973356420
380984452445
0984052759
+38096126974
380505662448
+38-093-795-15-43+38-067-701-60-14
+380667703562
380506802121
0678701767
+380675943166
+380445376715
0969656461
380503204824
380674933857
380509295829
00444935217
`380674808980/+380674555544
380731027323/380442216426/38066518644
38(044)3558899
38(068)8501746
+380445994425
+380675804344
38(0432)537707
380979546004
+380444689311,+380444641684
380675040220
380612240768 
380322449650
+380563754600
380512500220
380445937773
00512588807
380612135611
0044501758588
380342705300
380612160161
38(057)763-29-15,38(057)763-29-16
380324141112
+380442361906,+380443203464
380332785501
380322474710
380612248877
380445023927
380482348083
380675761030
0512441543
380443902150
380567850825
380536700570
380442323941
380444562616 
00612204812
38(032)232-30-84
00322949350
380445457124
380443830927
380512500107
380444920712
+380509612662
380969682626
0800336261
00382653193
00445283496
380577521012
380972454907
380445229573
+38(073) 884-19-91
380482429869
38067333896/380507288985/380931670290
380444619818
+380507485490
7676
+38(050)3267676
`380445010898
+380(67)6645239+380(98)0127554
`80503072255
(0432) 65-59-65
0938766893
0984976702
00342705200
38(099)7041895
380442391797
380503827593
380567860273
380505310121
+38056787-05-40
380444639846
+38(0532)69-19-94
+380445002052
+380442226589
+445937773
+380445685237
+380672461812
+380673547702
+380445843957
+380444997878
+380503306962
+380612397900
+380577141659
+380322424654
+380443577447
+380487868300
+38.044.351.12.00
