Phone list
043375100
0096897677962
0097165579471
96824603205
0096522922844
77642470
+97145015957
+97444638748
+97125027999
+97142073999
508524614
44558888
99039784
043230558
43880884
97125593601
04337070Ext46805
00971562027357
+97126424471
+971563400313
0097146067941
55209817
+96824454951
+971554092130
+96824117761
971502293423
056322690
+97165345334
+97444519458
Phone:+97444419603
971501216323
+971505687987
+97142682722
+97124477945
+97144531666
0508210577
+96524765753
+96892433075
+97444603446
00971-2-4121000
+97444310652
+96824815970
0555487649
025544769
025544985
971559329058
+96824832474
+97444504667
+974-44020100
+96826881147
971504681072
043578783
+97126195117
0097444369988
+97148854000
+96566550065
0097142632997
528011422
507514396
Tel:+968-24299764
+97165625101
0565269208
00973-36078782
Phone:+96880000786
+97444603418
+97165432436
+96824441811
0504952601
+96566958800
0097165211722
Phone:+965-22410861/965-22287096
+97148850332
0096555441652
+96597209766
+9744441-6211
+97165344858
22479479
+971555763025
+971-2-6417605
+97148860277
96599977896
+96524810860
025635775
+97444082555
96566884609
0557860987
+97165135777
971-504517885
044213394
+97143473700
+971556707891
+97148808688
04-3392100
97126722400
+971559239000
+97317830330
+971504584521
0503425947
+97165981999
+97444507010
+97165338568
22233302
+97142660964
+97165571033
+97142679575
+971529192062
