Phone list
+441384400800
+441625560239
+441179822049
+441928571797
+441614329995
+441515466000
+441452728753
+441162698111
+441509815186
+441282872420
+441418123222
+442089031390
+441782411021
+4401202660400
+441634715271
+441621868138
+441132361509
+441763243369
+441952607300
+441483766555
+441633293000
+441159441036
+441418807455
+441293538940
+441159753300
+441795438436
+441795471089
+441234783680
+441214723047
+441234266922
+441782776622
+441686621704
+442476553303
+441382880088
+441292478348
+441706216667
+443339000671
+441207503400
+441614303366
+441494451706
+441215150669
+44(0)1670352371
+441214587070
