Phone list
+1(844)754-3292
+1(423)875-8862
+19373870351
+18008982899
+18045205400
+15096532100
+15416725506
+1(586)8837559
+14796481500
+12547724710
+12547729524
+1610383-6224
+1318-603-0024
+1(866)4955221
+17872571707
+1866243-2402
+1(931)7629217
+18004480899
+12057911360
+18303319457
+12088819521
+1605-336-3693
+18885067697
+12049893636
+14797514330
+1(800)774-1336
+15036416121
+16103876938
+1(920)757-0775
+19413516330
+1720480-3484
+1(479)419-5031
+13037786767
+17877698510
+15137165140
+15596501153
+18772683700
+18433838507
+15134690440
+17572299993
+15085434801
+12064429898
305-591-7124
(305)825-9970
+18008439859
+18005805588
+18772953472
+18868845983
+16185663244
+1714-776-5420
+1937.224.0639
+18018225450
+1(973)839-1011
+1866.796.4904
+17177022532
+1.8604453800
+13154686211
+1303.322.5570
+1877.849.6070
+18007248090/+17327648886
+18012292800
+1.4084867501
+1860.233.6251
