Phone list
842436658812
0903373586
0902321111
0903362614
0908373181
+842866825666
0908279800
0918208685
0903762695
938012777
0838266868
0974879923
+84973456868
84938499722
(+84)933051150
0903333358
2837700968
0902370550
84-028-73073776
+842473011968
902894999
0939800500
84918919313
84935679300
0919148782
(84-28)38330579
0918102501
0933599126
+84909207968
(84-28)73001399
908118027
0933004576
0908356767
(+84)0837000247
00842854482277
00842854221116
0919871080
0988428779
0933.135.227
842435378406
842363737939
00842437830057
0985951985
00842518830222
0904453953
0936290826
0903725901
1689425979
842837371486
0906737957
1208489925
0974925079
0907565687
0944687878
09033611500906623398
842823751780
0938.909.786
0939062358
0907912399
842363675666
842837317594
00842854453103
0908002672
0914160704
02363996929
0839970399
00842743737131
842837262168
0906848669
0918011065
473055666
00842743743505
00842839142214
0916502026
0906633505
0983999128
0903383054
947471737
(84.8)39253683
0918032430
+84908868677
842835126609
(+84)907171988
0983838292
+842043061084
0938817378
0908343209
839200086
00842871099904   
842433117744
+84936020426
0901636888
902332696
Tel:+84961000044
2873096999
+84436502244
(028)54123400
0905959596
0938274405
02433262728
+842462782388
